0	2
0.000400000000000000	1.96062833677743
0.000800000000000000	1.94519931730719
0.00120000000000000	1.93394863796853
0.00160000000000000	1.92494773279825
0.00200000000000000	1.91743547327787
0.00240000000000000	1.91101428442956
0.00280000000000000	1.90544361339473
0.00320000000000000	1.90056380526299
0.00360000000000000	1.89626188235472
0.00400000000000000	1.89245403368937
0.00440000000000000	1.88907578924788
0.00480000000000000	1.88607611000834
0.00520000000000000	1.88341363474146
0.00560000000000000	1.88105418984508
0.00600000000000000	1.87896907651306
0.00640000000000000	1.87713385640168
0.00680000000000000	1.87552746825039
0.00720000000000000	1.87413157082940
0.00760000000000000	1.87293004467976
0.00800000000000000	1.87190860778577
0.00840000000000000	1.87105451462248
0.00880000000000000	1.87035631729635
0.00920000000000000	1.86980367366045
0.00960000000000000	1.86938719147236
0.0100000000000000	1.86909830056251
0.0104000000000000	1.86892914702506
0.0108000000000000	1.86887250490841
0.105200000000000	1.86845171517547
0.105600000000000	1.86617311260127
0.106000000000000	1.86387970765072
0.106400000000000	1.86157164112811
0.106800000000000	1.85924905399140
0.107200000000000	1.85691208734097
0.107600000000000	1.85456088240856
0.108000000000000	1.85219558054628
0.108400000000000	1.84981632321583
0.108800000000000	1.84742325197789
0.109200000000000	1.84501650848160
0.109600000000000	1.84259623445424
0.110000000000000	1.84016257169102
0.110400000000000	1.83771566204502
0.110800000000000	1.83525564741729
0.111200000000000	1.83278266974707
0.111600000000000	1.83029687100212
0.112000000000000	1.82779839316928
0.112400000000000	1.82528737824504
0.112800000000000	1.82276396822633
0.113200000000000	1.82022830510139
0.113600000000000	1.81768053084082
0.114000000000000	1.81512078738867
0.114400000000000	1.81254921665377
0.114800000000000	1.80996596050109
0.115200000000000	1.80737116074324
0.115600000000000	1.80476495913212
0.116000000000000	1.80214749735067
0.116400000000000	1.79951891700472
0.116800000000000	1.79687935961499
0.117200000000000	1.79422896660917
0.117600000000000	1.79156787931414
0.118000000000000	1.78889623894825
0.118400000000000	1.78621418661381
0.118800000000000	1.78352186328956
0.119200000000000	1.78081940982335
0.119600000000000	1.77810696692486
0.120000000000000	1.77538467515846
0.120400000000000	1.77265267493617
0.120800000000000	1.76991110651067
0.121200000000000	1.76716010996851
0.121600000000000	1.76439982522331
0.122000000000000	1.76163039200913
0.122400000000000	1.75885194987392
0.122800000000000	1.75606463817302
0.123200000000000	1.75326859606284
0.123600000000000	1.75046396249454
0.124000000000000	1.74765087620787
0.124400000000000	1.74482947572508
0.124800000000000	1.74199989934489
0.125200000000000	1.73916228513658
0.125600000000000	1.73631677093416
0.126000000000000	1.73346349433065
0.126400000000000	1.73060259267238
0.126800000000000	1.72773420305342
0.127200000000000	1.72485846231011
0.127600000000000	1.72197550701563
0.128000000000000	1.71908547347467
0.128400000000000	1.71618849771819
0.128800000000000	1.71328471549821
0.129200000000000	1.71037426228276
0.129600000000000	1.70745727325086
0.130000000000000	1.70453388328753
0.130400000000000	1.70160422697898
0.130800000000000	1.69866843860777
0.131200000000000	1.69572665214813
0.131600000000000	1.69277900126131
0.132000000000000	1.68982561929095
0.132400000000000	1.68686663925866
0.132800000000000	1.68390219385954
0.133200000000000	1.68093241545778
0.133600000000000	1.67795743608245
0.134000000000000	1.67497738742321
0.134400000000000	1.67199240082614
0.134800000000000	1.66900260728971
0.135200000000000	1.66600813746067
0.135600000000000	1.66300912163012
0.136000000000000	1.66000568972964
0.136400000000000	1.65699797132739
0.136800000000000	1.65398609562437
0.137200000000000	1.65097019145069
0.137600000000000	1.64795038726193
0.138000000000000	1.64492681113554
0.138400000000000	1.64189959076729
0.138800000000000	1.63886885346782
0.139200000000000	1.63583472615921
0.139600000000000	1.63279733537160
0.140000000000000	1.62975680723994
0.140400000000000	1.62671326750068
0.140800000000000	1.62366684148861
0.141200000000000	1.62061765413374
0.141600000000000	1.61756582995820
0.142000000000000	1.61451149307318
0.142400000000000	1.61145476717602
0.142800000000000	1.60839577554724
0.143200000000000	1.60533464104769
0.143600000000000	1.60227148611572
0.144000000000000	1.59920643276441
0.144400000000000	1.59613960257886
0.144800000000000	1.59307111671354
0.145200000000000	1.59000109588962
0.145600000000000	1.58692966039244
0.146000000000000	1.58385693006900
0.146400000000000	1.58078302432542
0.146800000000000	1.57770806212460
0.147200000000000	1.57463216198375
0.147600000000000	1.57155544197212
0.148000000000000	1.56847801970870
0.148400000000000	1.56540001235992
0.148800000000000	1.56232153663754
0.149200000000000	1.55924270879641
0.149600000000000	1.55616364463240
0.150000000000000	1.55308445948034
0.150400000000000	1.55000526821194
0.150800000000000	1.54692618523387
0.151200000000000	1.54384732448576
0.151600000000000	1.54076879943835
0.152000000000000	1.53769072309158
0.152400000000000	1.53461320797279
0.152800000000000	1.53153636613494
0.153200000000000	1.52846030915487
0.153600000000000	1.52538514813159
0.154000000000000	1.52231099368462
0.154400000000000	1.51923795595235
0.154800000000000	1.51616614459046
0.155200000000000	1.51309566877040
0.155600000000000	1.51002663717780
0.156000000000000	1.50695915801109
0.156400000000000	1.50389333897995
0.156800000000000	1.50082928730402
0.157200000000000	1.49776710971141
0.157600000000000	1.49470691243747
0.158000000000000	1.49164880122342
0.158400000000000	1.48859288131510
0.158800000000000	1.48553925746177
0.159200000000000	1.48248803391486
0.159600000000000	1.47943931442682
0.160000000000000	1.47639320225002
0.160400000000000	1.47334980013560
0.160800000000000	1.47030921033243
0.161200000000000	1.46727153458606
0.161600000000000	1.46423687413772
0.162000000000000	1.46120532972336
0.162400000000000	1.45817700157266
0.162800000000000	1.45515198940818
0.163200000000000	1.45213039244440
0.163600000000000	1.44911230938695
0.164000000000000	1.44609783843171
0.164400000000000	1.44308707726408
0.164800000000000	1.44008012305814
0.165200000000000	1.43707707247599
0.165600000000000	1.43407802166697
0.166000000000000	1.43108306626705
0.166400000000000	1.42809230139808
0.166800000000000	1.42510582166728
0.167200000000000	1.42212372116652
0.167600000000000	1.41914609347184
0.168000000000000	1.41617303164284
0.168400000000000	1.41320462822222
0.168800000000000	1.41024097523521
0.169200000000000	1.40728216418915
0.169600000000000	1.40432828607306
0.170000000000000	1.40137943135716
0.170400000000000	1.39843568999252
0.170800000000000	1.39549715141069
0.171200000000000	1.39256390452333
0.171600000000000	1.38963603772190
0.172000000000000	1.38671363887738
0.172400000000000	1.38379679533996
0.172800000000000	1.38088559393880
0.173200000000000	1.37798012098182
0.173600000000000	1.37508046225547
0.174000000000000	1.37218670302456
0.174400000000000	1.36929892803208
0.174800000000000	1.36641722149908
0.175200000000000	1.36354166712456
0.175600000000000	1.36067234808533
0.176000000000000	1.35780934703599
0.176400000000000	1.35495274610882
0.176800000000000	1.35210262691380
0.177200000000000	1.34925907053854
0.177600000000000	1.34642215754835
0.178000000000000	1.34359196798622
0.178400000000000	1.34076858137288
0.178800000000000	1.33795207670686
0.179200000000000	1.33514253246460
0.179600000000000	1.33234002660053
0.180000000000000	1.32954463654722
0.180400000000000	1.32675643921548
0.180800000000000	1.32397551099456
0.181200000000000	1.32120192775234
0.181600000000000	1.31843576483548
0.182000000000000	1.31567709706967
0.182400000000000	1.31292599875985
0.182800000000000	1.31018254369050
0.183200000000000	1.30744680512584
0.183600000000000	1.30471885581018
0.184000000000000	1.30199876796817
0.184400000000000	1.29928661330519
0.184800000000000	1.29658246300760
0.185200000000000	1.29388638774316
0.185600000000000	1.29119845766138
0.186000000000000	1.28851874239388
0.186400000000000	1.28584731105484
0.186800000000000	1.28318423224136
0.187200000000000	1.28052957403395
0.187600000000000	1.27788340399694
0.188000000000000	1.27524578917895
0.188400000000000	1.27261679611336
0.188800000000000	1.26999649081884
0.189200000000000	1.26738493879981
0.189600000000000	1.26478220504699
0.190000000000000	1.26218835403794
0.190400000000000	1.25960344973759
0.190800000000000	1.25702755559880
0.191200000000000	1.25446073456298
0.191600000000000	1.25190304906065
0.192000000000000	1.24935456101202
0.192400000000000	1.24681533182769
0.192800000000000	1.24428542240918
0.193200000000000	1.24176489314967
0.193600000000000	1.23925380393458
0.194000000000000	1.23675221414229
0.194400000000000	1.23426018264482
0.194800000000000	1.23177776780849
0.195200000000000	1.22930502749467
0.195600000000000	1.22684201906047
0.196000000000000	1.22438879935950
0.196400000000000	1.22194542474259
0.196800000000000	1.21951195105855
0.197200000000000	1.21708843365494
0.197600000000000	1.21467492737887
0.198000000000000	1.21227148657775
0.198400000000000	1.20987816510012
0.198800000000000	1.20749501629645
0.199200000000000	1.20512209301999
0.199600000000000	1.20275944762754
0.200000000000000	1.20040713198038
0.200400000000000	1.19806519744505
0.200800000000000	1.19573369489426
0.201200000000000	1.19341267470774
0.201600000000000	1.19110218677316
0.202000000000000	1.18880228048699
0.202400000000000	1.18651300475542
0.202800000000000	1.18423440799528
0.203200000000000	1.18196653813494
0.203600000000000	1.17970944261530
0.204000000000000	1.17746316839066
0.204400000000000	1.17522776192974
0.204800000000000	1.17300326921660
0.205200000000000	1.17078973575163
0.205600000000000	1.16858720655252
0.206000000000000	1.16639572615525
0.206400000000000	1.16421533861510
0.206800000000000	1.16204608750764
0.207200000000000	1.15988801592976
0.207600000000000	1.15774116650069
0.208000000000000	1.15560558136300
0.208400000000000	1.15348130218368
0.208800000000000	1.15136837015518
0.209200000000000	1.14926682599645
0.209600000000000	1.14717670995402
0.210000000000000	1.14509806180303
0.210400000000000	1.14303092084837
0.210800000000000	1.14097532592573
0.211200000000000	1.13893131540269
0.211600000000000	1.13689892717982
0.212000000000000	1.13487819869182
0.212400000000000	1.13286916690858
0.212800000000000	1.13087186833635
0.213200000000000	1.12888633901885
0.213600000000000	1.12691261453840
0.214000000000000	1.12495073001706
0.214400000000000	1.12300072011779
0.214800000000000	1.12106261904560
0.215200000000000	1.11913646054871
0.215600000000000	1.11722227791972
0.216000000000000	1.11532010399679
0.216400000000000	1.11342997116478
0.216800000000000	1.11155191135651
0.217200000000000	1.10968595605388
0.217600000000000	1.10783213628911
0.218000000000000	1.10599048264592
0.218400000000000	1.10416102526077
0.218800000000000	1.10234379382402
0.219200000000000	1.10053881758122
0.219600000000000	1.09874612533427
0.220000000000000	1.09696574544270
0.220400000000000	1.09519770582489
0.220800000000000	1.09344203395929
0.221200000000000	1.09169875688570
0.221600000000000	1.08996790120648
0.222000000000000	1.08824949308788
0.222400000000000	1.08654355826119
0.222800000000000	1.08485012202413
0.223200000000000	1.08316920924201
0.223600000000000	1.08150084434909
0.224000000000000	1.07984505134980
0.224400000000000	1.07820185382006
0.224800000000000	1.07657127490854
0.225200000000000	1.07495333733800
0.225600000000000	1.07334806340653
0.226000000000000	1.07175547498888
0.226400000000000	1.07017559353776
0.226800000000000	1.06860844008517
0.227200000000000	1.06705403524366
0.227600000000000	1.06551239920772
0.228000000000000	1.06398355175503
0.228400000000000	1.06246751224783
0.228800000000000	1.06096429963423
0.229200000000000	1.05947393244954
0.229600000000000	1.05799642881763
0.230000000000000	1.05653180645221
0.230400000000000	1.05508008265826
0.230800000000000	1.05364127433328
0.231200000000000	1.05221539796871
0.231600000000000	1.05080246965125
0.232000000000000	1.04940250506421
0.232400000000000	1.04801551948889
0.232800000000000	1.04664152780592
0.233200000000000	1.04528054449665
0.233600000000000	1.04393258364446
0.234000000000000	1.04259765893619
0.234400000000000	1.04127578366351
0.234800000000000	1.03996697072422
0.235200000000000	1.03867123262374
0.235600000000000	1.03738858147638
0.236000000000000	1.03611902900679
0.236400000000000	1.03486258655135
0.236800000000000	1.03361926505950
0.237200000000000	1.03238907509517
0.237600000000000	1.03117202683817
0.238000000000000	1.02996813008558
0.238400000000000	1.02877739425314
0.238800000000000	1.02759982837665
0.239200000000000	1.02643544111337
0.239600000000000	1.02528424074342
0.240000000000000	1.02414623517119
0.240400000000000	1.02302143192674
0.240800000000000	1.02190983816721
0.241200000000000	1.02081146067824
0.241600000000000	1.01972630587534
0.242000000000000	1.01865437980536
0.242400000000000	1.01759568814785
0.242800000000000	1.01655023621654
0.243200000000000	1.01551802896067
0.243600000000000	1.01449907096648
0.244000000000000	1.01349336645861
0.244400000000000	1.01250091930152
0.244800000000000	1.01152173300088
0.245200000000000	1.01055581070507
0.245600000000000	1.00960315520651
0.246000000000000	1.00866376894317
0.246400000000000	1.00773765399995
0.246800000000000	1.00682481211011
0.247200000000000	1.00592524465672
0.247600000000000	1.00503895267407
0.248000000000000	1.00416593684913
0.248400000000000	1.00330619752293
0.248800000000000	1.00245973469205
0.249200000000000	1.00162654801002
0.249600000000000	1.00080663678875
0.250000000000000	1
0.250400000000000	0.999206636276774
0.250800000000000	0.998426543914782
0.251200000000000	0.997659720873867
0.251600000000000	0.996906164779443
0.252000000000000	0.996165872923938
0.252400000000000	0.995438842268224
0.252800000000000	0.994725069443062
0.253200000000000	0.994024550750537
0.253600000000000	0.993337282165499
0.254000000000000	0.992663259337000
0.254400000000000	0.992002477589739
0.254800000000000	0.991354931925494
0.255200000000000	0.990720617024569
0.255600000000000	0.990099527247230
0.256000000000000	0.989491656635145
0.256400000000000	0.988896998912829
0.256800000000000	0.988315547489076
0.257200000000000	0.987747295458405
0.257600000000000	0.987192235602503
0.258000000000000	0.986650360391653
0.258400000000000	0.986121661986188
0.258800000000000	0.985606132237919
0.259200000000000	0.985103762691582
0.259600000000000	0.984614544586273
0.260000000000000	0.984138468856889
0.260400000000000	0.983675526135564
0.260800000000000	0.983225706753109
0.261200000000000	0.982789000740452
0.261600000000000	0.982365397830067
0.262000000000000	0.981954887457421
0.262400000000000	0.981557458762404
0.262800000000000	0.981173100590766
0.263200000000000	0.980801801495553
0.263600000000000	0.980443549738540
0.264000000000000	0.980098333291669
0.264400000000000	0.979766139838477
0.264800000000000	0.979446956775530
0.265200000000000	0.979140771213859
0.265600000000000	0.978847569980386
0.266000000000000	0.978567339619358
0.266400000000000	0.978300066393773
0.266800000000000	0.978045736286813
0.267200000000000	0.977804335003268
0.267600000000000	0.977575847970965
0.268000000000000	0.977360260342194
0.268400000000000	0.977157556995131
0.268800000000000	0.976967722535265
0.269200000000000	0.976790741296819
0.269600000000000	0.976626597344174
0.270000000000000	0.976475274473286
0.270400000000000	0.976336756213112
0.270800000000000	0.976211025827021
0.271200000000000	0.976098066314218
0.271600000000000	0.975997860411158
0.272000000000000	0.975910390592961
0.272400000000000	0.975835639074824
0.272800000000000	0.975773587813439
0.273200000000000	0.975724218508398
0.273600000000000	0.975687512603609
0.274000000000000	0.975663451288700
0.274400000000000	0.975652015500428
0.787600000000000	0.974050143143131
0.788000000000000	0.971307406190413
0.788400000000000	0.968565235950359
0.788800000000000	0.965823652732501
0.789200000000000	0.963082676826311
0.789600000000000	0.960342328501066
0.790000000000000	0.957602628005702
0.790400000000000	0.954863595568680
0.790800000000000	0.952125251397843
0.791200000000000	0.949387615680291
0.791600000000000	0.946650708582226
0.792000000000000	0.943914550248826
0.792400000000000	0.941179160804109
0.792800000000000	0.938444560350792
0.793200000000000	0.935710768970157
0.793600000000000	0.932977806721917
0.794000000000000	0.930245693644080
0.794400000000000	0.927514449752821
0.794800000000000	0.924784095042333
0.795200000000000	0.922054649484705
0.795600000000000	0.919326133029792
0.796000000000000	0.916598565605072
0.796400000000000	0.913871967115520
0.796800000000000	0.911146357443474
0.797200000000000	0.908421756448503
0.797600000000000	0.905698183967281
0.798000000000000	0.902975659813447
0.798400000000000	0.900254203777486
0.798800000000000	0.897533835626588
0.799200000000000	0.894814575104529
0.799600000000000	0.892096441931533
0.800000000000000	0.889379455804151
0.800400000000000	0.886663636395128
0.800800000000000	0.883949003353277
0.801200000000000	0.881235576303348
0.801600000000000	0.878523374845913
0.802000000000000	0.875812418557224
0.802400000000000	0.873102726989096
0.802800000000000	0.870394319668782
0.803200000000000	0.867687216098843
0.803600000000000	0.864981435757026
0.804000000000000	0.862276998096136
0.804400000000000	0.859573922543926
0.804800000000000	0.856872228502952
0.805200000000000	0.854171935350465
0.805600000000000	0.851473062438285
0.806000000000000	0.848775629092677
0.806400000000000	0.846079654614230
0.806800000000000	0.843385158277735
0.807200000000000	0.840692159332065
0.807600000000000	0.838000677000055
0.808000000000000	0.835310730478383
0.808400000000000	0.832622338937446
0.808800000000000	0.829935521521240
0.809200000000000	0.827250297347250
0.809600000000000	0.824566685506322
0.810000000000000	0.821884705062548
0.810400000000000	0.819204375053153
0.810800000000000	0.816525714488369
0.811200000000000	0.813848742351326
0.811600000000000	0.811173477597931
0.812000000000000	0.808499939156756
0.812400000000000	0.805828145928919
0.812800000000000	0.803158116787969
0.813200000000000	0.800489870579772
0.813600000000000	0.797823426122398
0.814000000000000	0.795158802206007
0.814400000000000	0.792496017592737
0.814800000000000	0.789835091016581
0.815200000000000	0.787176041183291
0.815600000000000	0.784518886770249
0.816000000000000	0.781863646426371
0.816400000000000	0.779210338771984
0.816800000000000	0.776558982398718
0.817200000000000	0.773909595869398
0.817600000000000	0.771262197717934
0.818000000000000	0.768616806449206
0.818400000000000	0.765973440538962
0.818800000000000	0.763332118433703
0.819200000000000	0.760692858550579
0.819600000000000	0.758055679277282
0.820000000000000	0.755420598971929
0.820400000000000	0.752787635962967
0.820800000000000	0.750156808549058
0.821200000000000	0.747528134998979
0.821600000000000	0.744901633551510
0.822000000000000	0.742277322415330
0.822400000000000	0.739655219768918
0.822800000000000	0.737035343760438
0.823200000000000	0.734417712507641
0.823600000000000	0.731802344097767
0.824000000000000	0.729189256587426
0.824400000000000	0.726578468002510
0.824800000000000	0.723969996338083
0.825200000000000	0.721363859558281
0.825600000000000	0.718760075596207
0.826000000000000	0.716158662353837
0.826400000000000	0.713559637701909
0.826800000000000	0.710963019479834
0.827200000000000	0.708368825495585
0.827600000000000	0.705777073525605
0.828000000000000	0.703187781314703
0.828400000000000	0.700600966575960
0.828800000000000	0.698016646990629
0.829200000000000	0.695434840208028
0.829600000000000	0.692855563845460
0.830000000000000	0.690278835488102
0.830400000000000	0.687704672688910
0.830800000000000	0.685133092968533
0.831200000000000	0.682564113815199
0.831600000000000	0.679997752684637
0.832000000000000	0.677434026999973
0.832400000000000	0.674872954151634
0.832800000000000	0.672314551497264
0.833200000000000	0.669758836361617
0.833600000000000	0.667205826036470
0.834000000000000	0.664655537780529
0.834400000000000	0.662107988819343
0.834800000000000	0.659563196345200
0.835200000000000	0.657021177517042
0.835600000000000	0.654481949460371
0.836000000000000	0.651945529267165
0.836400000000000	0.649411933995777
0.836800000000000	0.646881180670856
0.837200000000000	0.644353286283243
0.837600000000000	0.641828267789897
0.838000000000000	0.639306142113797
0.838400000000000	0.636786926143854
0.838800000000000	0.634270636734829
0.839200000000000	0.631757290707236
0.839600000000000	0.629246904847263
0.840000000000000	0.626739495906683
0.840400000000000	0.624235080602759
0.840800000000000	0.621733675618178
0.841200000000000	0.619235297600944
0.841600000000000	0.616739963164302
0.842000000000000	0.614247688886656
0.842400000000000	0.611758491311481
0.842800000000000	0.609272386947239
0.843200000000000	0.606789392267296
0.843600000000000	0.604309523709837
0.844000000000000	0.601832797677791
0.844400000000000	0.599359230538739
0.844800000000000	0.596888838624833
0.845200000000000	0.594421638232723
0.845600000000000	0.591957645623466
0.846000000000000	0.589496877022453
0.846400000000000	0.587039348619323
0.846800000000000	0.584585076567887
0.847200000000000	0.582134076986045
0.847600000000000	0.579686365955710
0.848000000000000	0.577241959522729
0.848400000000000	0.574800873696800
0.848800000000000	0.572363124451405
0.849200000000000	0.569928727723721
0.849600000000000	0.567497699414545
0.850000000000000	0.565070055388224
0.850400000000000	0.562645811472575
0.850800000000000	0.560224983458807
0.851200000000000	0.557807587101447
0.851600000000000	0.555393638118265
0.852000000000000	0.552983152190201
0.852400000000000	0.550576144961288
0.852800000000000	0.548172632038584
0.853200000000000	0.545772628992084
0.853600000000000	0.543376151354669
0.854000000000000	0.540983214622013
0.854400000000000	0.538593834252523
0.854800000000000	0.536208025667264
0.855200000000000	0.533825804249883
0.855600000000000	0.531447185346544
0.856000000000000	0.529072184265857
0.856400000000000	0.526700816278806
0.856800000000000	0.524333096618674
0.857200000000000	0.521969040480986
0.857600000000000	0.519608663023428
0.858000000000000	0.517251979365782
0.858400000000000	0.514899004589864
0.858800000000000	0.512549753739447
0.859200000000000	0.510204241820199
0.859600000000000	0.507862483799612
0.860000000000000	0.505524494606943
0.860400000000000	0.503190289133135
0.860800000000000	0.500859882230766
0.861200000000000	0.498533288713972
0.861600000000000	0.496210523358388
0.862000000000000	0.493891600901078
0.862400000000000	0.491576536040478
0.862800000000000	0.489265343436328
0.863200000000000	0.486958037709605
0.863600000000000	0.484654633442468
0.864000000000000	0.482355145178188
0.864400000000000	0.480059587421086
0.864800000000000	0.477767974636483
0.865200000000000	0.475480321250617
0.865600000000000	0.473196641650604
0.866000000000000	0.470916950184360
0.866400000000000	0.468641261160551
0.866800000000000	0.466369588848529
0.867200000000000	0.464101947478274
0.867600000000000	0.461838351240332
0.868000000000000	0.459578814285760
0.868400000000000	0.457323350726063
0.868800000000000	0.455071974633143
0.869200000000000	0.452824700039233
0.869600000000000	0.450581540936844
0.870000000000000	0.448342511278711
0.870400000000000	0.446107624977725
0.870800000000000	0.443876895906899
0.871200000000000	0.441650337899286
0.871600000000000	0.439427964747942
0.872000000000000	0.437209790205861
0.872400000000000	0.434995827985930
0.872800000000000	0.432786091760866
0.873200000000000	0.430580595163164
0.873600000000000	0.428379351785051
0.874000000000000	0.426182375178419
0.874400000000000	0.423989678854787
0.874800000000000	0.421801276285237
0.875200000000000	0.419617180900374
0.875600000000000	0.417437406090261
0.876000000000000	0.415261965204378
0.876400000000000	0.413090871551566
0.876800000000000	0.410924138399978
0.877200000000000	0.408761778977035
0.877600000000000	0.406603806469363
0.878000000000000	0.404450234022757
0.878400000000000	0.402301074742123
0.878800000000000	0.400156341691437
0.879200000000000	0.398016047893690
0.879600000000000	0.395880206330844
0.880000000000000	0.393748829943786
0.880400000000000	0.391621931632278
0.880800000000000	0.389499524254908
0.881200000000000	0.387381620629053
0.881600000000000	0.385268233530823
0.882000000000000	0.383159375695022
0.882400000000000	0.381055059815100
0.882800000000000	0.378955298543109
0.883200000000000	0.376860104489660
0.883600000000000	0.374769490223874
0.884000000000000	0.372683468273345
0.884400000000000	0.370602051124095
0.884800000000000	0.368525251220527
0.885200000000000	0.366453080965387
0.885600000000000	0.364385552719719
0.886000000000000	0.362322678802824
0.886400000000000	0.360264471492225
0.886800000000000	0.358210943023611
0.887200000000000	0.356162105590811
0.887600000000000	0.354117971345749
0.888000000000000	0.352078552398398
0.888400000000000	0.350043860816751
0.888800000000000	0.348013908626773
0.889200000000000	0.345988707812367
0.889600000000000	0.343968270315336
0.890000000000000	0.341952608035338
0.890400000000000	0.339941732829857
0.890800000000000	0.337935656514163
0.891200000000000	0.335934390861270
0.891600000000000	0.333937947601907
0.892000000000000	0.331946338424475
0.892400000000000	0.329959574975016
0.892800000000000	0.327977668857175
0.893200000000000	0.326000631632164
0.893600000000000	0.324028474818733
0.894000000000000	0.322061209893124
0.894400000000000	0.320098848289052
0.894800000000000	0.318141401397653
0.895200000000000	0.316188880567472
0.895600000000000	0.314241297104410
0.896000000000000	0.312298662271703
0.896400000000000	0.310360987289890
0.896800000000000	0.308428283336769
0.897200000000000	0.306500561547386
0.897600000000000	0.304577833013980
0.898000000000000	0.302660108785971
0.898400000000000	0.300747399869923
0.898800000000000	0.298839717229507
0.899200000000000	0.296937071785484
0.899600000000000	0.295039474415665
0.900000000000000	0.293146935954886
0.900400000000000	0.291259467194980
0.900800000000000	0.289377078884747
0.901200000000000	0.287499781729927
0.901600000000000	0.285627586393170
0.902000000000000	0.283760503494012
0.902400000000000	0.281898543608845
0.902800000000000	0.280041717270891
0.903200000000000	0.278190034970181
0.903600000000000	0.276343507153518
0.904000000000000	0.274502144224459
0.904400000000000	0.272665956543290
0.904800000000000	0.270834954426999
0.905200000000000	0.269009148149253
0.905600000000000	0.267188547940369
0.906000000000000	0.265373163987296
0.906400000000000	0.263563006433587
0.906800000000000	0.261758085379382
0.907200000000000	0.259958410881377
0.907600000000000	0.258163992952805
0.908000000000000	0.256374841563417
0.908400000000000	0.254590966639456
0.908800000000000	0.252812378063635
0.909200000000000	0.251039085675121
0.909600000000000	0.249271099269510
0.910000000000000	0.247508428598803
0.910400000000000	0.245751083371395
0.910800000000000	0.243999073252050
0.911200000000000	0.242252407861880
0.911600000000000	0.240511096778328
0.912000000000000	0.238775149535147
0.912400000000000	0.237044575622388
0.912800000000000	0.235319384486375
0.913200000000000	0.233599585529688
0.913600000000000	0.231885188111149
0.914000000000000	0.230176201545802
0.914400000000000	0.228472635104895
0.914800000000000	0.226774498015871
0.915200000000000	0.225081799462342
0.915600000000000	0.223394548584080
0.916000000000000	0.221712754476995
0.916400000000000	0.220036426193131
0.916800000000000	0.218365572740639
0.917200000000000	0.216700203083769
0.917600000000000	0.215040326142855
0.918000000000000	0.213385950794300
0.918400000000000	0.211737085870567
0.918800000000000	0.210093740160156
0.919200000000000	0.208455922407603
0.919600000000000	0.206823641313458
0.920000000000000	0.205196905534277
0.920400000000000	0.203575723682614
0.920800000000000	0.201960104326999
0.921200000000000	0.200350055991937
0.921600000000000	0.198745587157892
0.922000000000000	0.197146706261277
0.922400000000000	0.195553421694445
0.922800000000000	0.193965741805681
0.923200000000000	0.192383674899183
0.923600000000000	0.190807229235067
0.924000000000000	0.189236413029344
0.924400000000000	0.187671234453924
0.924800000000000	0.186111701636598
0.925200000000000	0.184557822661031
0.925600000000000	0.183009605566763
0.926000000000000	0.181467058349194
0.926400000000000	0.179930188959573
0.926800000000000	0.178399005305003
0.927200000000000	0.176873515248426
0.927600000000000	0.175353726608618
0.928000000000000	0.173839647160186
0.928400000000000	0.172331284633561
0.928800000000000	0.170828646714992
0.929200000000000	0.169331741046541
0.929600000000000	0.167840575226083
0.930000000000000	0.166355156807295
0.930400000000000	0.164875493299652
0.930800000000000	0.163401592168436
0.931200000000000	0.161933460834712
0.931600000000000	0.160471106675347
0.932000000000000	0.159014537022989
0.932400000000000	0.157563759166073
0.932800000000000	0.156118780348825
0.933200000000000	0.154679607771244
0.933600000000000	0.153246248589118
0.934000000000000	0.151818709914007
0.934400000000000	0.150396998813256
0.934800000000000	0.148981122309988
0.935200000000000	0.147571087383101
0.935600000000000	0.146166900967274
0.936000000000000	0.144768569952963
0.936400000000000	0.143376101186404
0.936800000000000	0.141989501469614
0.937200000000000	0.140608777560390
0.937600000000000	0.139233936172313
0.938000000000000	0.137864983974749
0.938400000000000	0.136501927592850
0.938800000000000	0.135144773607560
0.939200000000000	0.133793528555614
0.939600000000000	0.132448198929543
0.940000000000000	0.131108791177675
0.940400000000000	0.129775311704142
0.940800000000000	0.128447766868883
0.941200000000000	0.127126162987647
0.941600000000000	0.125810506331998
0.942000000000000	0.124500803129320
0.942400000000000	0.123197059562824
0.942800000000000	0.121899281771548
0.943200000000000	0.120607475850369
0.943600000000000	0.119321647850008
0.944000000000000	0.118041803777029
0.944400000000000	0.116767949593857
0.944800000000000	0.115500091218776
0.945200000000000	0.114238234525941
0.945600000000000	0.112982385345381
0.946000000000000	0.111732549463012
0.946400000000000	0.110488732620642
0.946800000000000	0.109250940515980
0.947200000000000	0.108019178802641
0.947600000000000	0.106793453090165
0.948000000000000	0.105573768944013
0.948400000000000	0.104360131885586
0.948800000000000	0.103152547392231
0.949200000000000	0.101951020897252
0.949600000000000	0.100755557789919
0.950000000000000	0.0995661634154808
0.950400000000000	0.0983828430751734
0.950800000000000	0.0972056020262324
0.951200000000000	0.0960344454819064
0.951600000000000	0.0948693786114641
0.952000000000000	0.0937104065402090
0.952400000000000	0.0925575343494922
0.952800000000000	0.0914107670767266
0.953200000000000	0.0902701097153924
0.953600000000000	0.0891355672150584
0.954000000000000	0.0880071444813917
0.954400000000000	0.0868848463761711
0.954800000000000	0.0857686777173015
0.955200000000000	0.0846586432788290
0.955600000000000	0.0835547477909540
0.956000000000000	0.0824569959400476
0.956400000000000	0.0813653923686628
0.956800000000000	0.0802799416755546
0.957200000000000	0.0792006484156937
0.957600000000000	0.0781275171002809
0.958000000000000	0.0770605521967642
0.958400000000000	0.0759997581288565
0.958800000000000	0.0749451392765501
0.959200000000000	0.0738966999761335
0.959600000000000	0.0728544445202117
0.960000000000000	0.0718183771577197
0.960400000000000	0.0707885020939418
0.960800000000000	0.0697648234905306
0.961200000000000	0.0687473454655245
0.961600000000000	0.0677360720933651
0.962000000000000	0.0667310074049163
0.962400000000000	0.0657321553874852
0.962800000000000	0.0647395199848391
0.963200000000000	0.0637531050972253
0.963600000000000	0.0627729145813920
0.964000000000000	0.0617989522506086
0.964400000000000	0.0608312218746838
0.964800000000000	0.0598697271799891
0.965200000000000	0.0589144718494759
0.965600000000000	0.0579654595226997
0.966000000000000	0.0570226937958416
0.966400000000000	0.0560861782217272
0.966800000000000	0.0551559163098510
0.967200000000000	0.0542319115263972
0.967600000000000	0.0533141672942614
0.968000000000000	0.0524026869930767
0.968400000000000	0.0514974739592293
0.968800000000000	0.0505985314858926
0.969200000000000	0.0497058628230389
0.969600000000000	0.0488194711774712
0.970000000000000	0.0479393597128439
0.970400000000000	0.0470655315496864
0.970800000000000	0.0461979897654283
0.971200000000000	0.0453367373944260
0.971600000000000	0.0444817774279829
0.972000000000000	0.0436331128143799
0.972400000000000	0.0427907464588952
0.972800000000000	0.0419546812238356
0.973200000000000	0.0411249199285568
0.973600000000000	0.0403014653494953
0.974000000000000	0.0394843202201889
0.974400000000000	0.0386734872313066
0.974800000000000	0.0378689690306766
0.975200000000000	0.0370707682233089
0.975600000000000	0.0362788873714275
0.976000000000000	0.0354933289944945
0.976400000000000	0.0347140955692400
0.976800000000000	0.0339411895296882
0.977200000000000	0.0331746132671880
0.977600000000000	0.0324143691304388
0.978000000000000	0.0316604594255217
0.978400000000000	0.0309128864159267
0.978800000000000	0.0301716523225843
0.979200000000000	0.0294367593238907
0.979600000000000	0.0287082095557409
0.980000000000000	0.0279860051115608
0.980400000000000	0.0272701480423294
0.980800000000000	0.0265606403566183
0.981200000000000	0.0258574840206154
0.981600000000000	0.0251606809581597
0.982000000000000	0.0244702330507718
0.982400000000000	0.0237861421376826
0.982800000000000	0.0231084100158696
0.983200000000000	0.0224370384400834
0.983600000000000	0.0217720291228836
0.984000000000000	0.0211133837346693
0.984400000000000	0.0204611039037115
0.984800000000000	0.0198151912161877
0.985200000000000	0.0191756472162115
0.985600000000000	0.0185424734058672
0.986000000000000	0.0179156712452464
0.986400000000000	0.0172952421524766
0.986800000000000	0.0166811875037558
0.987200000000000	0.0160735086333916
0.987600000000000	0.0154722068338273
0.988000000000000	0.0148772833556845
0.988400000000000	0.0142887394077926
0.988800000000000	0.0137065761572239
0.989200000000000	0.0131307947293320
0.989600000000000	0.0125613962077846
0.990000000000000	0.0119983816345997
0.990400000000000	0.0114417520101806
0.990800000000000	0.0108915082933532
0.991200000000000	0.0103476514014023
0.991600000000000	0.00981018221010732
0.992000000000000	0.00927910155377720
0.992400000000000	0.00875441022529278
0.992800000000000	0.00823610897613647
0.993200000000000	0.00772419851643558
0.993600000000000	0.00721867951499777
0.994000000000000	0.00671955259934820
0.994400000000000	0.00622681835576722
0.994800000000000	0.00574047732932947
0.995200000000000	0.00526053002394322
0.995600000000000	0.00478697690238628
0.996000000000000	0.00431981838634665
0.996400000000000	0.00385905485646232
0.996800000000000	0.00340468665235738
0.997200000000000	0.00295671407268383
0.997600000000000	0.00251513737516196
0.998000000000000	0.00207995677661654
0.998400000000000	0.00165117245302171
0.998800000000000	0.00122878453953734
0.999200000000000	0.000812793130549938
0.999600000000000	0.000403198279715911
1	0
