0	0	1
0	0	1
0	0	1
0	0	1
0	0	1
0	0	1
0	0	1
0	0	1
0	0	1
0	0	1
0	0	1
0	0	1
0	0	1
0	0	1
0	0	1
0	0	1
0	0	1
0	0	1
0	0	1
0	0	1
0	0	1
0	0	1
0	0	1
0	0	1
0	0	1
0	0	1
0	0	1
0	0	1
0	0	1
0	0	1
0	0	1
0	0	1
0	0	1
0	0	1
0	0	1
0	0	1
0	0	1
0	0	1
0	0	1
0	0	1
0	0	1
0	0	1
0	0	1
0	0	1
0	0	1
0	0	1
0	0	1
0	0	1
0	0	1
0	0	1
0	0	1
0	0.000493439634268400	0.968589240921872
2.43482672666932e-07	0.000477940320796796	0.968589240921872
9.73690402665913e-07	0.000462456303276333	0.968589240921872
2.18990256312642e-06	0.000447002862562896	0.968589240921872
3.89091889948113e-06	0.000431595249336754	0.968589240921872
6.07506071397233e-06	0.000416248669051976	0.968589240921872
8.74017252232371e-06	0.000400978266930488	0.968589240921872
1.18836241809433e-05	0.000385799113015567	0.968589240921872
1.55023134825575e-05	0.000370726187299524	0.968589240921872
1.95926692177153e-05	0.000355774364940266	0.968589240921872
2.41506546991408e-05	0.000340958401581306	0.968589240921872
2.91717717454560e-05	0.000326292918789725	0.968589240921872
3.46510651203430e-05	0.000311792389626454	0.968589240921872
4.05831274227640e-05	0.000297471124363107	0.968589240921872
4.69621044234130e-05	0.000283343256359472	0.968589240921872
5.37817008421334e-05	0.000269422728115590	0.968589240921872
6.10351865606001e-05	0.000255723277512192	0.968589240921872
6.87154032641328e-05	0.000242258424253068	0.968589240921872
7.68147715060888e-05	0.000229041456522755	0.968589240921872
8.53252981878620e-05	0.000216085417872698	0.968589240921872
9.42385844471057e-05	0.000203403094348843	0.968589240921872
0.000103545833946396	0.000191007001873353	0.968589240921872
0.000113237861554156	0.000178909373892902	0.968589240921872
0.000123305102409268	0.000167122149305744	0.968589240921872
0.000133737621360441	0.000155656960679456	0.968589240921872
0.000144525122771004	0.000144525122771004	0.968589240921872
0.000155656960679456	0.000133737621360441	0.968589240921872
0.000167122149305744	0.000123305102409268	0.968589240921872
0.000178909373892902	0.000113237861554156	0.968589240921872
0.000191007001873353	0.000103545833946396	0.968589240921872
0.000203403094348843	9.42385844471057e-05	0.968589240921872
0.000216085417872698	8.53252981878620e-05	0.968589240921872
0.000229041456522755	7.68147715060888e-05	0.968589240921872
0.000242258424253068	6.87154032641328e-05	0.968589240921872
0.000255723277512192	6.10351865606001e-05	0.968589240921872
0.000269422728115590	5.37817008421335e-05	0.968589240921872
0.000283343256359472	4.69621044234129e-05	0.968589240921872
0.000297471124363107	4.05831274227640e-05	0.968589240921872
0.000311792389626454	3.46510651203431e-05	0.968589240921872
0.000326292918789725	2.91717717454560e-05	0.968589240921872
0.000340958401581306	2.41506546991408e-05	0.968589240921872
0.000355774364940266	1.95926692177153e-05	0.968589240921872
0.000370726187299524	1.55023134825575e-05	0.968589240921872
0.000385799113015567	1.18836241809433e-05	0.968589240921872
0.000400978266930488	8.74017252232376e-06	0.968589240921872
0.000416248669051976	6.07506071397233e-06	0.968589240921872
0.000431595249336754	3.89091889948113e-06	0.968589240921872
0.000447002862562896	2.18990256312642e-06	0.968589240921872
0.000462456303276333	9.73690402665913e-07	0.968589240921872
0.000477940320796796	2.43482672666932e-07	0.968589240921872
0.000493439634268400	0	0.968589240921872
0	0.00197327157172844	0.937209480470687
9.73690402665913e-07	0.00191128961379316	0.937209480470687
3.89380069579163e-06	0.00184936882456719	0.937209480470687
8.75744908306679e-06	0.00178757031239370	0.937209480470687
1.55598357307285e-05	0.00172595506494320	0.937209480470687
2.42942475044177e-05	0.00166458388902601	0.937209480470687
3.49520645942322e-05	0.00160351735058333	0.937209480470687
4.75227690214381e-05	0.00154281571491595	0.937209480470687
6.19939550184453e-05	0.00148253888720968	0.937209480470687
7.83513412718021e-05	0.00142274635341616	0.937209480470687
9.65787850161277e-05	0.00136349712154739	0.937209480470687
0.000116658297965072	0.00130484966344199	0.937209480470687
0.000138570064063584	0.00124686185706052	0.937209480470687
0.000162292459043964	0.00118959092936691	0.937209480470687
0.000187802071766406	0.00113309339985241	0.937209480470687
0.000215073727322965	0.00107742502475761	0.937209480470687
0.000244080511882154	0.00102264074204780	0.937209480470687
0.000274793799249645	0.000968794617195835	0.937209480470687
0.000307183279118866	0.000915939789826023	0.937209480470687
0.000341216986983615	0.000864128421271736	0.937209480470687
0.000376861335683169	0.000813411643098474	0.937209480470687
0.000414081148548757	0.000763839506643184	0.937209480470687
0.000452839694118682	0.000715460933619631	0.937209480470687
0.000493098722387842	0.000668323667838572	0.937209480470687
0.000534818502555868	0.000622474228090382	0.937209480470687
0.000577957862236624	0.000577957862236624	0.937209480470687
0.000622474228090382	0.000534818502555868	0.937209480470687
0.000668323667838572	0.000493098722387842	0.937209480470687
0.000715460933619631	0.000452839694118682	0.937209480470687
0.000763839506643184	0.000414081148548757	0.937209480470687
0.000813411643098474	0.000376861335683169	0.937209480470687
0.000864128421271736	0.000341216986983615	0.937209480470687
0.000915939789826023	0.000307183279118866	0.937209480470687
0.000968794617195835	0.000274793799249645	0.937209480470687
0.00102264074204780	0.000244080511882154	0.937209480470687
0.00107742502475761	0.000215073727322965	0.937209480470687
0.00113309339985241	0.000187802071766406	0.937209480470687
0.00118959092936691	0.000162292459043964	0.937209480470687
0.00124686185706052	0.000138570064063585	0.937209480470687
0.00130484966344199	0.000116658297965072	0.937209480470687
0.00136349712154739	9.65787850161277e-05	0.937209480470687
0.00142274635341616	7.83513412718021e-05	0.937209480470687
0.00148253888720968	6.19939550184453e-05	0.937209480470687
0.00154281571491595	4.75227690214383e-05	0.937209480470687
0.00160351735058333	3.49520645942324e-05	0.937209480470687
0.00166458388902601	2.42942475044177e-05	0.937209480470687
0.00172595506494320	1.55598357307285e-05	0.937209480470687
0.00178757031239370	8.75744908306679e-06	0.937209480470687
0.00184936882456719	3.89380069579163e-06	0.937209480470687
0.00191128961379316	9.73690402665913e-07	0.937209480470687
0.00197327157172844	0	0.937209480470687
0	0.00443803539692000	0.905891686681486
2.18990256312642e-06	0.00429863333628714	0.905891686681486
8.75744908306679e-06	0.00415936884865791	0.905891686681486
1.96961581843149e-05	0.00402037937126800	0.905891686681486
3.49952346816340e-05	0.00388180206995118	0.905891686681486
5.46395802336016e-05	0.00374377370377321	0.905891686681486
7.86098082428485e-05	0.00360643049006716	0.905891686681486
0.000106882262988290	0.00346990797000328	0.905891686681486
0.000139429042970468	0.00333434087482634	0.905891686681486
0.000176218028446958	0.00319986299289204	0.905891686681486
0.000217212913130686	0.00306660703763416	0.905891686681486
0.000262373240019839	0.00293470451659234	0.905891686681486
0.000311654441324051	0.00280428560163006	0.905891686681486
0.000365007882447427	0.00267547900047073	0.905891686681486
0.000422380909985016	0.00254841182967869	0.905891686681486
0.000483716903685368	0.00242320948921049	0.905891686681486
0.000548955332327885	0.00229999553866033	0.905891686681486
0.000618031813459828	0.00217889157532158	0.905891686681486
0.000690878176934025	0.00206001711418502	0.905891686681486
0.000767422532184574	0.00194348946999189	0.905891686681486
0.000847589339174155	0.00182942364145845	0.905891686681486
0.000931299482942926	0.00171793219778615	0.905891686681486
0.00101847035168543	0.00160912516756935	0.905891686681486
0.00110901591827850	0.00150310993021044	0.905891686681486
0.00120284682517959	0.00139999110994934	0.905891686681486
0.00129987047261194	0.00129987047261194	0.905891686681486
0.00139999110994934	0.00120284682517959	0.905891686681486
0.00150310993021044	0.00110901591827850	0.905891686681486
0.00160912516756935	0.00101847035168543	0.905891686681486
0.00171793219778615	0.000931299482942926	0.905891686681486
0.00182942364145845	0.000847589339174155	0.905891686681486
0.00194348946999189	0.000767422532184574	0.905891686681486
0.00206001711418502	0.000690878176934025	0.905891686681486
0.00217889157532158	0.000618031813459829	0.905891686681486
0.00229999553866033	0.000548955332327885	0.905891686681486
0.00242320948921049	0.000483716903685368	0.905891686681486
0.00254841182967869	0.000422380909985016	0.905891686681486
0.00267547900047073	0.000365007882447427	0.905891686681486
0.00280428560163006	0.000311654441324052	0.905891686681486
0.00293470451659234	0.000262373240019839	0.905891686681486
0.00306660703763416	0.000217212913130686	0.905891686681486
0.00319986299289204	0.000176218028446958	0.905891686681486
0.00333434087482634	0.000139429042970468	0.905891686681486
0.00346990797000328	0.000106882262988290	0.905891686681486
0.00360643049006715	7.86098082428490e-05	0.905891686681486
0.00374377370377321	5.46395802336016e-05	0.905891686681486
0.00388180206995118	3.49952346816340e-05	0.905891686681486
0.00402037937126800	1.96961581843149e-05	0.905891686681486
0.00415936884865791	8.75744908306679e-06	0.905891686681486
0.00429863333628714	2.18990256312642e-06	0.905891686681486
0.00443803539692000	0	0.905891686681486
0	0.00788529868552212	0.874666766435696
3.89091889948113e-06	0.00763761546825211	0.874666766435696
1.55598357307285e-05	0.00739017668441438	0.874666766435696
3.49952346816340e-05	0.00714322652621494	0.874666766435696
6.21779353598969e-05	0.00689700870364528	0.874666766435696
9.70811117217562e-05	0.00665176620397004	0.874666766435696
0.000139670318546054	0.00640774105192790	0.874666766435696
0.000189903525427511	0.00616517407088243	0.874666766435696
0.000247731158255666	0.00592430464515845	0.874666766435696
0.000313096148138529	0.00568537048379863	0.874666766435696
0.000385933987722699	0.00544860738597335	0.874666766435696
0.000466172794854325	0.00521424900827543	0.874666766435696
0.000553733383518115	0.00498252663412921	0.874666766435696
0.000648529341984379	0.00475366894554180	0.874666766435696
0.000750467118086963	0.00452790179742152	0.874666766435696
0.000859446111547950	0.00430544799468634	0.874666766435696
0.000975358773257990	0.00408652707238242	0.874666766435696
0.00109809071141428	0.00387135507902940	0.874666766435696
0.00122752080441146	0.00366014436340671	0.874666766435696
0.00136352132037404	0.00345310336499088	0.874666766435696
0.00150595804321229	0.00325043640825100	0.874666766435696
0.00165469040507737	0.00305234350100507	0.874666766435696
0.00180957162508480	0.00285902013703651	0.874666766435696
0.00197044885416947	0.00267065710316535	0.874666766435696
0.00213716332592920	0.00248744029096466	0.874666766435696
0.00230955051330806	0.00230955051330806	0.874666766435696
0.00248744029096466	0.00213716332592920	0.874666766435696
0.00267065710316535	0.00197044885416947	0.874666766435696
0.00285902013703651	0.00180957162508480	0.874666766435696
0.00305234350100507	0.00165469040507737	0.874666766435696
0.00325043640825100	0.00150595804321229	0.874666766435696
0.00345310336499088	0.00136352132037404	0.874666766435696
0.00366014436340671	0.00122752080441146	0.874666766435696
0.00387135507902940	0.00109809071141428	0.874666766435696
0.00408652707238241	0.000975358773257990	0.874666766435696
0.00430544799468634	0.000859446111547951	0.874666766435696
0.00452790179742152	0.000750467118086962	0.874666766435696
0.00475366894554181	0.000648529341984379	0.874666766435696
0.00498252663412921	0.000553733383518116	0.874666766435696
0.00521424900827543	0.000466172794854325	0.874666766435696
0.00544860738597335	0.000385933987722699	0.874666766435696
0.00568537048379863	0.000313096148138529	0.874666766435696
0.00592430464515845	0.000247731158255666	0.874666766435696
0.00616517407088243	0.000189903525427512	0.874666766435696
0.00640774105192790	0.000139670318546055	0.874666766435696
0.00665176620397003	9.70811117217562e-05	0.874666766435696
0.00689700870364528	6.21779353598969e-05	0.874666766435696
0.00714322652621494	3.49952346816340e-05	0.874666766435696
0.00739017668441438	1.55598357307285e-05	0.874666766435696
0.00763761546825211	3.89091889948113e-06	0.874666766435696
0.00788529868552212	0	0.874666766435696
0	0.0123116594048622	0.843565534959769
6.07506071397233e-06	0.0119249408374441	0.843565534959769
2.42942475044177e-05	0.0115386039145630	0.843565534959769
5.46395802336016e-05	0.0111530299041186	0.843565534959769
9.70811117217562e-05	0.0107685993211085	0.843565534959769
0.000151576957301333	0.0103856915521051	0.843565534959769
0.000218073336152106	0.0100046844808474	0.843565534959769
0.000296504624376356	0.00962595411531536	0.843565534959769
0.000386793419761731	0.00924987421665492	0.843565534959769
0.000488850618167880	0.00887681593032144	0.843565534959769
0.000602575501461494	0.00850714741980365	0.843565534959769
0.000727855836912933	0.00814123350329082	0.843565534959769
0.000864567987956385	0.00777943529364121	0.843565534959769
0.00101257703620423	0.00742210984200734	0.843565534959769
0.00117173691459519	0.00706960978546953	0.843565534959769
0.00134189055154490	0.00672228299902574	0.843565534959769
0.00152287002595660	0.00638047225228091	0.843565534959769
0.00171449673293895	0.00604451487117479	0.843565534959769
0.00191658156006753	0.00571474240508188	0.843565534959769
0.00212892507401597	0.00539148029961232	0.843565534959769
0.00235131771737253	0.00507504757543629	0.843565534959769
0.00258354001544803	0.00476575651344916	0.843565534959769
0.00282536279287079	0.00446391234658797	0.843565534959769
0.00307654739975512	0.00416981295860331	0.843565534959769
0.00333684594721990	0.00388374859008407	0.843565534959769
0.00360600155202501	0.00360600155202501	0.843565534959769
0.00388374859008407	0.00333684594721990	0.843565534959769
0.00416981295860331	0.00307654739975512	0.843565534959769
0.00446391234658797	0.00282536279287079	0.843565534959769
0.00476575651344916	0.00258354001544803	0.843565534959769
0.00507504757543629	0.00235131771737253	0.843565534959769
0.00539148029961232	0.00212892507401597	0.843565534959769
0.00571474240508188	0.00191658156006753	0.843565534959769
0.00604451487117479	0.00171449673293895	0.843565534959769
0.00638047225228091	0.00152287002595660	0.843565534959769
0.00672228299902573	0.00134189055154491	0.843565534959769
0.00706960978546953	0.00117173691459519	0.843565534959769
0.00742210984200734	0.00101257703620423	0.843565534959769
0.00777943529364121	0.000864567987956386	0.843565534959769
0.00814123350329082	0.000727855836912933	0.843565534959769
0.00850714741980365	0.000602575501461494	0.843565534959769
0.00887681593032144	0.000488850618167880	0.843565534959769
0.00924987421665492	0.000386793419761731	0.843565534959769
0.00962595411531535	0.000296504624376358	0.843565534959769
0.0100046844808474	0.000218073336152107	0.843565534959769
0.0103856915521051	0.000151576957301333	0.843565534959769
0.0107685993211085	9.70811117217562e-05	0.843565534959769
0.0111530299041186	5.46395802336016e-05	0.843565534959769
0.0115386039145630	2.42942475044177e-05	0.843565534959769
0.0119249408374441	6.07506071397233e-06	0.843565534959769
0.0123116594048622	0	0.843565534959769
0	0.0177127492713113	0.812618685414275
8.74017252232371e-06	0.0171563783713388	0.812618685414275
3.49520645942322e-05	0.0166005565422732	0.812618685414275
7.86098082428485e-05	0.0160458323131544	0.812618685414275
0.000139670318546054	0.0154927531298241	0.812618685414275
0.000218073336152106	0.0149418648146620	0.812618685414275
0.000313741486748338	0.0143937110279256	0.812618685414275
0.000426580357420267	0.0138488327312232	0.812618685414275
0.000556478589825744	0.0133077676536495	0.812618685414275
0.000703307990092183	0.0127710497611126	0.812618685414275
0.000866923655328455	0.0122392087293736	0.812618685414275
0.00104716411662653	0.0117127694213210	0.812618685414275
0.00124385149841179	0.0111922513689940	0.812618685414275
0.00145679169398479	0.0106781682608673	0.812618685414275
0.00168577455708106	0.0101710274349026	0.812618685414275
0.00193057410926017	0.00967132937786738	0.812618685414275
0.00219094876291913	0.00917956723141459	0.812618685414275
0.00246664155971018	0.00869622630541163	0.812618685414275
0.00275738042412770	0.00822178359899800	0.812618685414275
0.00306287843201382	0.00775670732984477	0.812618685414275
0.00338283409371799	0.00730145647208026	0.812618685414275
0.00371693165163081	0.00685648030333798	0.812618685414275
0.00406484139179873	0.00642221796137385	0.812618685414275
0.00442621996931183	0.00599909801069026	0.812618685414275
0.00480071074714389	0.00558753801959465	0.812618685414275
0.00518794414811000	0.00518794414811000	0.812618685414275
0.00558753801959465	0.00480071074714389	0.812618685414275
0.00599909801069026	0.00442621996931183	0.812618685414275
0.00642221796137385	0.00406484139179873	0.812618685414275
0.00685648030333798	0.00371693165163081	0.812618685414275
0.00730145647208026	0.00338283409371799	0.812618685414275
0.00775670732984477	0.00306287843201382	0.812618685414275
0.00822178359899800	0.00275738042412770	0.812618685414275
0.00869622630541163	0.00246664155971018	0.812618685414275
0.00917956723141459	0.00219094876291913	0.812618685414275
0.00967132937786738	0.00193057410926017	0.812618685414275
0.0101710274349026	0.00168577455708106	0.812618685414275
0.0106781682608673	0.00145679169398479	0.812618685414275
0.0111922513689940	0.00124385149841179	0.812618685414275
0.0117127694213210	0.00104716411662653	0.812618685414275
0.0122392087293736	0.000866923655328455	0.812618685414275
0.0127710497611126	0.000703307990092183	0.812618685414275
0.0133077676536495	0.000556478589825744	0.812618685414275
0.0138488327312232	0.000426580357420269	0.812618685414275
0.0143937110279256	0.000313741486748340	0.812618685414275
0.0149418648146620	0.000218073336152106	0.812618685414275
0.0154927531298241	0.000139670318546054	0.812618685414275
0.0160458323131544	7.86098082428485e-05	0.812618685414275
0.0166005565422732	3.49520645942322e-05	0.812618685414275
0.0171563783713388	8.74017252232371e-06	0.812618685414275
0.0177127492713113	0	0.812618685414275
0	0.172919425725438	0.437916622147869
8.53252981878620e-05	0.167487895304048	0.437916622147869
0.000341216986983615	0.162061725147427	0.437916622147869
0.000767422532184574	0.156646270230411	0.437916622147869
0.00136352132037404	0.151246874953186	0.437916622147869
0.00212892507401597	0.145868867867015	0.437916622147869
0.00306287843201382	0.140517556415597	0.437916622147869
0.00416445969516081	0.135198221697262	0.437916622147869
0.00543258173574574	0.129916113253167	0.437916622147869
0.00686599307041675	0.124676443886630	0.437916622147869
0.00846327909524439	0.119484384518721	0.437916622147869
0.0102228634817648	0.114345059085193	0.437916622147869
0.0121430097326258	0.109263539479770	0.437916622147869
0.0142218228952997	0.104244840548803	0.437916622147869
0.0164572514321732	0.0992939151422219	0.437916622147869
0.0188470892451669	0.0944156492256711	0.437916622147869
0.0213889778528880	0.0896148570586497	0.437916622147869
0.0240804087181666	0.0848962764434200	0.437916622147869
0.0269187257236792	0.0802645640493680	0.437916622147869
0.0299011277932153	0.0757242908174333	0.437916622147869
0.0330246716560022	0.0712799374491419	0.437916622147869
0.0362862747513573	0.0669358899846952	0.437916622147869
0.0396827182708036	0.0626964354744772	0.437916622147869
0.0432106503346450	0.0585657577482540	0.437916622147869
0.0468665892998668	0.0545479332862386	0.437916622147869
0.0506469271960973	0.0506469271960973	0.437916622147869
0.0545479332862386	0.0468665892998668	0.437916622147869
0.0585657577482540	0.0432106503346449	0.437916622147869
0.0626964354744772	0.0396827182708036	0.437916622147869
0.0669358899846952	0.0362862747513573	0.437916622147869
0.0712799374491419	0.0330246716560022	0.437916622147869
0.0757242908174333	0.0299011277932153	0.437916622147869
0.0802645640493680	0.0269187257236792	0.437916622147869
0.0848962764434199	0.0240804087181667	0.437916622147869
0.0896148570586497	0.0213889778528880	0.437916622147869
0.0944156492256710	0.0188470892451669	0.437916622147869
0.0992939151422219	0.0164572514321732	0.437916622147869
0.104244840548803	0.0142218228952997	0.437916622147869
0.109263539479770	0.0121430097326258	0.437916622147869
0.114345059085193	0.0102228634817648	0.437916622147869
0.119484384518721	0.00846327909524439	0.437916622147869
0.124676443886630	0.00686599307041675	0.437916622147869
0.129916113253167	0.00543258173574574	0.437916622147869
0.135198221697262	0.00416445969516083	0.437916622147869
0.140517556415597	0.00306287843201384	0.437916622147869
0.145868867867015	0.00212892507401597	0.437916622147869
0.151246874953186	0.00136352132037404	0.437916622147869
0.156646270230411	0.000767422532184574	0.437916622147869
0.162061725147427	0.000341216986983615	0.437916622147869
0.167487895304048	8.53252981878620e-05	0.437916622147869
0.172919425725438	0	0.437916622147869
0	0.190983005625053	0.412214747707527
9.42385844471057e-05	0.184984084447347	0.412214747707527
0.000376861335683169	0.178991083480586	0.412214747707527
0.000847589339174155	0.173009917093179	0.412214747707527
0.00150595804321229	0.167046487974235	0.412214747707527
0.00235131771737253	0.161106681308322	0.412214747707527
0.00338283409371799	0.155196358967497	0.412214747707527
0.00459948919012168	0.149321353726349	0.412214747707527
0.00600008231489202	0.143487463505753	0.412214747707527
0.00758323125171049	0.137700445651023	0.412214747707527
0.00934737362371236	0.131966011250105	0.412214747707527
0.0112907684353639	0.126289819497427	0.412214747707527
0.0134114977906150	0.120677472108955	0.412214747707527
0.0157074687856308	0.115134507793972	0.412214747707527
0.0181764155742350	0.109666396789049	0.412214747707527
0.0208159016040270	0.104278535459574	0.412214747707527
0.0236233220209642	0.0989762409741949	0.412214747707527
0.0265959062400392	0.0937647460574147	0.412214747707527
0.0297307206795123	0.0886491938255250	0.412214747707527
0.0330246716560022	0.0836346327109706	0.412214747707527
0.0364745084375789	0.0787260114801562	0.412214747707527
0.0400768264518426	0.0739281743496118	0.412214747707527
0.0438280706458265	0.0692458562053351	0.412214747707527
0.0477245389944043	0.0646836779300316	0.412214747707527
0.0517623861537423	0.0602461418428604	0.412214747707527
0.0559376272561893	0.0559376272561894	0.412214747707527
0.0602461418428604	0.0517623861537423	0.412214747707527
0.0646836779300316	0.0477245389944043	0.412214747707527
0.0692458562053351	0.0438280706458265	0.412214747707527
0.0739281743496118	0.0400768264518426	0.412214747707527
0.0787260114801562	0.0364745084375789	0.412214747707527
0.0836346327109706	0.0330246716560022	0.412214747707527
0.0886491938255250	0.0297307206795123	0.412214747707527
0.0937647460574147	0.0265959062400393	0.412214747707527
0.0989762409741949	0.0236233220209642	0.412214747707527
0.104278535459574	0.0208159016040270	0.412214747707527
0.109666396789049	0.0181764155742350	0.412214747707527
0.115134507793973	0.0157074687856308	0.412214747707527
0.120677472108955	0.0134114977906151	0.412214747707527
0.126289819497427	0.0112907684353639	0.412214747707527
0.131966011250105	0.00934737362371236	0.412214747707527
0.137700445651023	0.00758323125171049	0.412214747707527
0.143487463505753	0.00600008231489202	0.412214747707527
0.149321353726349	0.00459948919012170	0.412214747707527
0.155196358967497	0.00338283409371801	0.412214747707527
0.161106681308322	0.00235131771737253	0.412214747707527
0.167046487974235	0.00150595804321229	0.412214747707527
0.173009917093178	0.000847589339174155	0.412214747707527
0.178991083480586	0.000376861335683169	0.412214747707527
0.184984084447347	9.42385844471057e-05	0.412214747707527
0.190983005625053	0	0.412214747707527
0	0.209844987624310	0.387092946347024
0.000103545833946396	0.203253597274290	0.387092946347024
0.000414081148548757	0.196668711830757	0.387092946347024
0.000931299482942926	0.190096829780641	0.387092946347024
0.00165469040507737	0.183544436778093	0.387092946347024
0.00258354001544803	0.177017999243927	0.387092946347024
0.00371693165163081	0.170523957984041	0.387092946347024
0.00505374679291685	0.164068721833125	0.387092946347024
0.00659266616415734	0.157658661329910	0.387092946347024
0.00833217103772883	0.151300102430215	0.387092946347024
0.0102705447323341	0.144999320263997	0.387092946347024
0.0124058743071593	0.138762532942552	0.387092946347024
0.0147360524497154	0.132595895421989	0.387092946347024
0.0172587795555017	0.126505493429033	0.387092946347024
0.0199715659974372	0.120497337455150	0.387092946347024
0.0228717345828224	0.114577356824910	0.387092946347024
0.0259564231954052	0.108751393844469	0.387092946347024
0.0292225876199439	0.103025198035912	0.387092946347024
0.0326670045464803	0.0974044204631686	0.387092946347024
0.0362862747513573	0.0918946081550991	0.387092946347024
0.0400768264518426	0.0865011986312439	0.387092946347024
0.0440349188310466	0.0812295145356487	0.387092946347024
0.0481566457296574	0.0760847583840578	0.387092946347024
0.0524379395008482	0.0710720074296588	0.387092946347024
0.0568745750245535	0.0661962086524470	0.387092946347024
0.0614621738771531	0.0614621738771532	0.387092946347024
0.0661962086524470	0.0568745750245535	0.387092946347024
0.0710720074296588	0.0524379395008482	0.387092946347024
0.0760847583840578	0.0481566457296574	0.387092946347024
0.0812295145356487	0.0440349188310466	0.387092946347024
0.0865011986312439	0.0400768264518426	0.387092946347024
0.0918946081550991	0.0362862747513573	0.387092946347024
0.0974044204631686	0.0326670045464803	0.387092946347024
0.103025198035912	0.0292225876199439	0.387092946347024
0.108751393844469	0.0259564231954052	0.387092946347024
0.114577356824910	0.0228717345828224	0.387092946347024
0.120497337455150	0.0199715659974372	0.387092946347024
0.126505493429033	0.0172587795555017	0.387092946347024
0.132595895421989	0.0147360524497154	0.387092946347024
0.138762532942552	0.0124058743071593	0.387092946347024
0.144999320263997	0.0102705447323341	0.387092946347024
0.151300102430215	0.00833217103772883	0.387092946347024
0.157658661329910	0.00659266616415734	0.387092946347024
0.164068721833125	0.00505374679291687	0.387092946347024
0.170523957984041	0.00371693165163084	0.387092946347024
0.177017999243927	0.00258354001544803	0.387092946347024
0.183544436778093	0.00165469040507737	0.387092946347024
0.190096829780641	0.000931299482942926	0.387092946347024
0.196668711830757	0.000414081148548757	0.387092946347024
0.203253597274290	0.000103545833946396	0.387092946347024
0.209844987624310	0	0.387092946347024
0	0.229486757224211	0.362576010251310
0.000113237861554156	0.222278403981420	0.362576010251310
0.000452839694118682	0.215077164513005	0.362576010251310
0.00101847035168543	0.207890145572905	0.362576010251310
0.00180957162508480	0.200724439881114	0.362576010251310
0.00282536279287079	0.193587119124024	0.362576010251310
0.00406484139179873	0.186485226975523	0.362576010251310
0.00552678420613554	0.179425772145740	0.362576010251310
0.00720974847482599	0.172415721464293	0.362576010251310
0.00911207331532357	0.165461993004872	0.362576010251310
0.0112318813626812	0.158571449257932	0.362576010251310
0.0135670806222837	0.151750890358246	0.362576010251310
0.0161153665343938	0.145007047373991	0.362576010251310
0.0188742242484746	0.138346575663999	0.362576010251310
0.0218409311050431	0.131776048309720	0.362576010251310
0.0250125593226069	0.125301949628383	0.362576010251310
0.0283859788870305	0.118930668773759	0.362576010251310
0.0319578606404817	0.112668493430837	0.362576010251310
0.0357246795669083	0.106521603610639	0.362576010251310
0.0396827182708036	0.100496065551295	0.362576010251310
0.0438280706458265	0.0945978257313965	0.362576010251310
0.0481566457296574	0.0888327050015439	0.362576010251310
0.0526641717412838	0.0832063928398654	0.362576010251310
0.0573462002967325	0.0777244417371919	0.362576010251310
0.0621981107990871	0.0723922617174177	0.362576010251310
0.0672151149984604	0.0672151149984604	0.362576010251310
0.0723922617174177	0.0621981107990871	0.362576010251310
0.0777244417371919	0.0573462002967324	0.362576010251310
0.0832063928398654	0.0526641717412838	0.362576010251310
0.0888327050015438	0.0481566457296574	0.362576010251310
0.0945978257313965	0.0438280706458265	0.362576010251310
0.100496065551295	0.0396827182708036	0.362576010251310
0.106521603610639	0.0357246795669083	0.362576010251310
0.112668493430837	0.0319578606404817	0.362576010251310
0.118930668773759	0.0283859788870305	0.362576010251310
0.125301949628383	0.0250125593226069	0.362576010251310
0.131776048309720	0.0218409311050431	0.362576010251310
0.138346575663999	0.0188742242484746	0.362576010251310
0.145007047373991	0.0161153665343938	0.362576010251310
0.151750890358246	0.0135670806222837	0.362576010251310
0.158571449257932	0.0112318813626812	0.362576010251310
0.165461993004872	0.00911207331532357	0.362576010251310
0.172415721464293	0.00720974847482599	0.362576010251310
0.179425772145740	0.00552678420613557	0.362576010251310
0.186485226975523	0.00406484139179875	0.362576010251310
0.193587119124024	0.00282536279287079	0.362576010251310
0.200724439881114	0.00180957162508480	0.362576010251310
0.207890145572905	0.00101847035168543	0.362576010251310
0.215077164513005	0.000452839694118682	0.362576010251310
0.222278403981420	0.000113237861554156	0.362576010251310
0.229486757224211	0	0.362576010251310
0	0.249888930369541	0.338688134676348
0.000123305102409268	0.242039729381412	0.338688134676348
0.000493098722387842	0.234198274607013	0.338688134676348
0.00110901591827850	0.226372304615495	0.338688134676348
0.00197044885416947	0.218569542694401	0.338688134676348
0.00307654739975512	0.210797689227706	0.338688134676348
0.00442621996931183	0.203064414096475	0.338688134676348
0.00601813459896141	0.195377349109614	0.338688134676348
0.00785072026115858	0.187744080472193	0.338688134676348
0.00992216841510546	0.180172141298782	0.338688134676348
0.0122304347915631	0.172669004179175	0.338688134676348
0.0147732414102983	0.165242073803842	0.338688134676348
0.0175480788281752	0.157898679656401	0.338688134676348
0.0205522086156724	0.150646068780296	0.338688134676348
0.0237826660593828	0.143491398626844	0.338688134676348
0.0272362630878271	0.136441729991692	0.338688134676348
0.0309095914176963	0.129504020046667	0.338688134676348
0.0347990259174149	0.122685115473884	0.338688134676348
0.0389007281847089	0.115991745708900	0.338688134676348
0.0432106503346450	0.109430516299573	0.338688134676348
0.0477245389944043	0.103007902387184	0.338688134676348
0.0524379395008482	0.0967302423162517	0.338688134676348
0.0573462002967325	0.0906037313793555	0.338688134676348
0.0624444775212331	0.0846344157031275	0.338688134676348
0.0677277397902519	0.0788281862814560	0.338688134676348
0.0731907731617854	0.0731907731617854	0.338688134676348
0.0788281862814560	0.0677277397902519	0.338688134676348
0.0846344157031275	0.0624444775212330	0.338688134676348
0.0906037313793555	0.0573462002967325	0.338688134676348
0.0967302423162516	0.0524379395008482	0.338688134676348
0.103007902387184	0.0477245389944043	0.338688134676348
0.109430516299573	0.0432106503346450	0.338688134676348
0.115991745708900	0.0389007281847089	0.338688134676348
0.122685115473884	0.0347990259174149	0.338688134676348
0.129504020046667	0.0309095914176963	0.338688134676348
0.136441729991692	0.0272362630878272	0.338688134676348
0.143491398626844	0.0237826660593828	0.338688134676348
0.150646068780296	0.0205522086156724	0.338688134676348
0.157898679656401	0.0175480788281752	0.338688134676348
0.165242073803842	0.0147732414102983	0.338688134676348
0.172669004179175	0.0122304347915631	0.338688134676348
0.180172141298782	0.00992216841510546	0.338688134676348
0.187744080472193	0.00785072026115858	0.338688134676348
0.195377349109614	0.00601813459896144	0.338688134676348
0.203064414096475	0.00442621996931186	0.338688134676348
0.210797689227706	0.00307654739975512	0.338688134676348
0.218569542694401	0.00197044885416947	0.338688134676348
0.226372304615495	0.00110901591827850	0.338688134676348
0.234198274607013	0.000493098722387842	0.338688134676348
0.242039729381412	0.000123305102409268	0.338688134676348
0.249888930369541	0	0.338688134676348
0	0.271031372578588	0.315452894071311
0.000133737621360441	0.262518071431908	0.315452894071311
0.000534818502555868	0.254013171885636	0.315452894071311
0.00120284682517959	0.245525067248816	0.315452894071311
0.00213716332592920	0.237062134255942	0.315452894071311
0.00333684594721990	0.228632724800137	0.315452894071311
0.00480071074714389	0.220245157690839	0.315452894071311
0.00652731306787819	0.211907710444141	0.315452894071311
0.00851494896138747	0.203628611113884	0.315452894071311
0.0107616568710150	0.195416030171558	0.315452894071311
0.0132652195673023	0.187278072443037	0.315452894071311
0.0160231663361270	0.179222769110091	0.315452894071311
0.0190327754169991	0.171258069784581	0.315452894071311
0.0222910766891104	0.163391834663153	0.315452894071311
0.0257948546024847	0.155631826770168	0.315452894071311
0.0295406513513378	0.147985704296540	0.315452894071311
0.0335247702865142	0.140461013042023	0.315452894071311
0.0377432795636332	0.133065178968417	0.315452894071311
0.0421920160233451	0.125805500871045	0.315452894071311
0.0468665892998668	0.118689143175716	0.315452894071311
0.0517623861537423	0.111723128868308	0.315452894071311
0.0568745750245535	0.104914332563924	0.315452894071311
0.0621981107990871	0.0982694737224810	0.315452894071311
0.0677277397902519	0.0917951100174125	0.315452894071311
0.0734580049218336	0.0854976308640356	0.315452894071311
0.0793832511139709	0.0793832511139709	0.315452894071311
0.0854976308640356	0.0734580049218336	0.315452894071311
0.0917951100174125	0.0677277397902519	0.315452894071311
0.0982694737224810	0.0621981107990871	0.315452894071311
0.104914332563924	0.0568745750245535	0.315452894071311
0.111723128868308	0.0517623861537423	0.315452894071311
0.118689143175716	0.0468665892998668	0.315452894071311
0.125805500871045	0.0421920160233451	0.315452894071311
0.133065178968417	0.0377432795636332	0.315452894071311
0.140461013042023	0.0335247702865142	0.315452894071311
0.147985704296540	0.0295406513513379	0.315452894071311
0.155631826770168	0.0257948546024847	0.315452894071311
0.163391834663153	0.0222910766891104	0.315452894071311
0.171258069784581	0.0190327754169991	0.315452894071311
0.179222769110091	0.0160231663361270	0.315452894071311
0.187278072443037	0.0132652195673023	0.315452894071311
0.195416030171558	0.0107616568710150	0.315452894071311
0.203628611113884	0.00851494896138747	0.315452894071311
0.211907710444141	0.00652731306787822	0.315452894071311
0.220245157690839	0.00480071074714392	0.315452894071311
0.228632724800137	0.00333684594721990	0.315452894071311
0.237062134255942	0.00213716332592920	0.315452894071311
0.245525067248816	0.00120284682517959	0.315452894071311
0.254013171885636	0.000534818502555868	0.315452894071311
0.262518071431908	0.000133737621360441	0.315452894071311
0.271031372578588	0	0.315452894071311
0	0.292893218813452	0.292893218813453
0.000144525122771004	0.283693220481686	0.292893218813453
0.000577957862236624	0.274502301437543	0.292893218813453
0.00129987047261194	0.265329532008488	0.292893218813453
0.00230955051330806	0.256183964610505	0.292893218813453
0.00360600155202501	0.247074624814459	0.292893218813453
0.00518794414811000	0.238010502438943	0.292893218813453
0.00705381711521091	0.229000542678419	0.292893218813453
0.00920177906197884	0.220053637275384	0.292893218813453
0.0116297102092988	0.211178615745297	0.292893218813453
0.0143352144822562	0.202384236662916	0.292893218813453
0.0173156218747731	0.193679179018635	0.292893218813453
0.0205679910845819	0.185072033653375	0.292893218813453
0.0240891124159360	0.176571294780459	0.292893218813453
0.0278755109471914	0.168185351602847	0.292893218813453
0.0319234499601351	0.159922480034009	0.292893218813453
0.0362289346276751	0.151790834530594	0.292893218813453
0.0407877159562518	0.143798440044969	0.292893218813453
0.0455952949790824	0.135953184105558	0.292893218813453
0.0506469271960973	0.128262809032804	0.292893218813453
0.0559376272561893	0.120734904298433	0.292893218813453
0.0614621738771531	0.113376899035563	0.292893218813453
0.0672151149984604	0.106196054707046	0.292893218813453
0.0731907731617854	0.0991994579392797	0.292893218813453
0.0793832511139709	0.0923940135285654	0.292893218813453
0.0857864376269049	0.0857864376269050	0.292893218813453
0.0923940135285654	0.0793832511139709	0.292893218813453
0.0991994579392797	0.0731907731617854	0.292893218813453
0.106196054707046	0.0672151149984604	0.292893218813453
0.113376899035563	0.0614621738771531	0.292893218813453
0.120734904298433	0.0559376272561893	0.292893218813453
0.128262809032804	0.0506469271960973	0.292893218813453
0.135953184105558	0.0455952949790824	0.292893218813453
0.143798440044969	0.0407877159562518	0.292893218813453
0.151790834530594	0.0362289346276751	0.292893218813453
0.159922480034009	0.0319234499601351	0.292893218813453
0.168185351602847	0.0278755109471914	0.292893218813453
0.176571294780459	0.0240891124159360	0.292893218813453
0.185072033653375	0.0205679910845820	0.292893218813453
0.193679179018634	0.0173156218747731	0.292893218813453
0.202384236662916	0.0143352144822562	0.292893218813453
0.211178615745297	0.0116297102092988	0.292893218813453
0.220053637275384	0.00920177906197884	0.292893218813453
0.229000542678419	0.00705381711521095	0.292893218813453
0.238010502438943	0.00518794414811003	0.292893218813453
0.247074624814459	0.00360600155202501	0.292893218813453
0.256183964610505	0.00230955051330806	0.292893218813453
0.265329532008488	0.00129987047261194	0.292893218813453
0.274502301437543	0.000577957862236624	0.292893218813453
0.283693220481686	0.000144525122771004	0.292893218813453
0.292893218813452	0	0.292893218813453
0	0.315452894071311	0.271031372578588
0.000155656960679456	0.305544279215139	0.271031372578588
0.000622474228090382	0.295645442965548	0.271031372578588
0.00139999110994934	0.285766154278816	0.271031372578588
0.00248744029096466	0.275916162820136	0.271031372578588
0.00388374859008407	0.266105189341873	0.271031372578588
0.00558753801959465	0.256342916090358	0.271031372578588
0.00759712714503048	0.246638977250675	0.271031372578588
0.00991053274454540	0.237002949438890	0.271031372578588
0.0125254717661135	0.227444342251080	0.271031372578588
0.0154393635806259	0.217972588878516	0.271031372578588
0.0186493325286601	0.208597036798237	0.271031372578588
0.0221522107584086	0.199326938548223	0.271031372578588
0.0259445413519664	0.190171442596253	0.271031372578588
0.0300225817368912	0.181139584311476	0.271031372578588
0.0343823073796708	0.172240277047590	0.271031372578588
0.0390194157574519	0.163482303346438	0.271031372578588
0.0439293306041105	0.154874306270699	0.271031372578588
0.0491072064264741	0.146424780874232	0.271031372578588
0.0545479332862386	0.138142065818478	0.271031372578588
0.0602461418428604	0.130034335143215	0.271031372578588
0.0661962086524470	0.122109590199759	0.271031372578588
0.0723922617174177	0.114375651754605	0.271031372578588
0.0788281862814560	0.106840152271268	0.271031372578588
0.0854976308640356	0.0995105283779660	0.271031372578588
0.0923940135285654	0.0923940135285654	0.271031372578588
0.0995105283779659	0.0854976308640356	0.271031372578588
0.106840152271268	0.0788281862814559	0.271031372578588
0.114375651754605	0.0723922617174177	0.271031372578588
0.122109590199759	0.0661962086524470	0.271031372578588
0.130034335143215	0.0602461418428604	0.271031372578588
0.138142065818478	0.0545479332862386	0.271031372578588
0.146424780874232	0.0491072064264741	0.271031372578588
0.154874306270699	0.0439293306041105	0.271031372578588
0.163482303346438	0.0390194157574519	0.271031372578588
0.172240277047590	0.0343823073796708	0.271031372578588
0.181139584311476	0.0300225817368912	0.271031372578588
0.190171442596253	0.0259445413519664	0.271031372578588
0.199326938548223	0.0221522107584087	0.271031372578588
0.208597036798237	0.0186493325286601	0.271031372578588
0.217972588878516	0.0154393635806259	0.271031372578588
0.227444342251080	0.0125254717661135	0.271031372578588
0.237002949438890	0.00991053274454540	0.271031372578588
0.246638977250675	0.00759712714503051	0.271031372578588
0.256342916090358	0.00558753801959469	0.271031372578588
0.266105189341873	0.00388374859008407	0.271031372578588
0.275916162820136	0.00248744029096466	0.271031372578588
0.285766154278816	0.00139999110994934	0.271031372578588
0.295645442965548	0.000622474228090382	0.271031372578588
0.305544279215139	0.000155656960679456	0.271031372578588
0.315452894071311	0	0.271031372578588
0	0.338688134676348	0.249888930369540
0.000167122149305744	0.328049683275409	0.249888930369540
0.000668323667838572	0.317421730741606	0.249888930369540
0.00150310993021044	0.306814765580963	0.249888930369540
0.00267065710316535	0.296239255587499	0.249888930369540
0.00416981295860331	0.285705637512780	0.249888930369540
0.00599909801069026	0.275224306766107	0.249888930369540
0.00815670697593206	0.264805607155501	0.249888930369540
0.0106405105547713	0.254459820679612	0.249888930369540
0.0134480575329489	0.244197157380630	0.249888930369540
0.0165765772005567	0.234027745268206	0.249888930369540
0.0200229820863934	0.223961620324325	0.249888930369540
0.0237838710049263	0.214008716599010	0.249888930369540
0.0278555324128505	0.204178856406608	0.249888930369540
0.0322339480719338	0.194481740632357	0.249888930369540
0.0369147970145334	0.184926939158778	0.249888930369540
0.0418934598078686	0.175523881421361	0.249888930369540
0.0471650231128436	0.166281847102847	0.249888930369540
0.0527242845329200	0.157209956975306	0.249888930369540
0.0585657577482540	0.148317163899029	0.249888930369540
0.0646836779300316	0.139612243987144	0.249888930369540
0.0710720074296588	0.131103787944645	0.249888930369540
0.0777244417371919	0.122800192590409	0.249888930369540
0.0846344157031275	0.114709652570544	0.249888930369540
0.0917951100174125	0.106840152271268	0.249888930369540
0.0991994579392797	0.0991994579392797	0.249888930369540
0.106840152271268	0.0917951100174125	0.249888930369540
0.114709652570544	0.0846344157031275	0.249888930369540
0.122800192590409	0.0777244417371919	0.249888930369540
0.131103787944645	0.0710720074296588	0.249888930369540
0.139612243987144	0.0646836779300316	0.249888930369540
0.148317163899029	0.0585657577482540	0.249888930369540
0.157209956975306	0.0527242845329200	0.249888930369540
0.166281847102847	0.0471650231128436	0.249888930369540
0.175523881421361	0.0418934598078686	0.249888930369540
0.184926939158778	0.0369147970145334	0.249888930369540
0.194481740632357	0.0322339480719338	0.249888930369540
0.204178856406608	0.0278555324128505	0.249888930369540
0.214008716599009	0.0237838710049264	0.249888930369540
0.223961620324325	0.0200229820863934	0.249888930369540
0.234027745268206	0.0165765772005567	0.249888930369540
0.244197157380630	0.0134480575329489	0.249888930369540
0.254459820679612	0.0106405105547713	0.249888930369540
0.264805607155501	0.00815670697593210	0.249888930369540
0.275224306766107	0.00599909801069030	0.249888930369540
0.285705637512780	0.00416981295860331	0.249888930369540
0.296239255587499	0.00267065710316535	0.249888930369540
0.306814765580963	0.00150310993021044	0.249888930369540
0.317421730741606	0.000668323667838572	0.249888930369540
0.328049683275409	0.000167122149305744	0.249888930369540
0.338688134676348	0	0.249888930369540
0	0.362576010251310	0.229486757224211
0.000178909373892902	0.351187222545798	0.229486757224211
0.000715460933619631	0.339809674198765	0.229486757224211
0.00160912516756935	0.328454593476803	0.229486757224211
0.00285902013703651	0.317133186473669	0.229486757224211
0.00446391234658797	0.305856626051225	0.229486757224211
0.00642221796137385	0.294636040813173	0.229486757224211
0.00873200437018146	0.283482504122464	0.229486757224211
0.0113909920926892	0.272407023173229	0.229486757224211
0.0143965570290384	0.261420528128006	0.229486757224211
0.0177457330495033	0.250533861330990	0.229486757224211
0.0214352149217023	0.239757766607946	0.229486757224211
0.0254613615724644	0.229102878663352	0.229486757224211
0.0298201996811277	0.218579712585228	0.229486757224211
0.0345074276007280	0.208198653468017	0.229486757224211
0.0395184196032043	0.197969946163747	0.229486757224211
0.0448482304444347	0.187903685171600	0.229486757224211
0.0504916002445948	0.178009804675862	0.229486757224211
0.0564429596790241	0.168298068742079	0.229486757224211
0.0626964354744772	0.158778061681105	0.229486757224211
0.0692458562053351	0.149459178590546	0.229486757224211
0.0760847583840578	0.140350616082928	0.229486757224211
0.0832063928398654	0.131461363209758	0.229486757224211
0.0906037313793555	0.122800192590409	0.229486757224211
0.0982694737224810	0.114375651754605	0.229486757224211
0.106196054707046	0.106196054707046	0.229486757224211
0.114375651754605	0.0982694737224810	0.229486757224211
0.122800192590409	0.0906037313793555	0.229486757224211
0.131461363209758	0.0832063928398654	0.229486757224211
0.140350616082928	0.0760847583840578	0.229486757224211
0.149459178590546	0.0692458562053351	0.229486757224211
0.158778061681105	0.0626964354744772	0.229486757224211
0.168298068742079	0.0564429596790241	0.229486757224211
0.178009804675862	0.0504916002445949	0.229486757224211
0.187903685171600	0.0448482304444347	0.229486757224211
0.197969946163747	0.0395184196032043	0.229486757224211
0.208198653468017	0.0345074276007279	0.229486757224211
0.218579712585228	0.0298201996811277	0.229486757224211
0.229102878663351	0.0254613615724644	0.229486757224211
0.239757766607946	0.0214352149217023	0.229486757224211
0.250533861330990	0.0177457330495033	0.229486757224211
0.261420528128006	0.0143965570290384	0.229486757224211
0.272407023173229	0.0113909920926892	0.229486757224211
0.283482504122463	0.00873200437018150	0.229486757224211
0.294636040813173	0.00642221796137389	0.229486757224211
0.305856626051225	0.00446391234658797	0.229486757224211
0.317133186473669	0.00285902013703651	0.229486757224211
0.328454593476803	0.00160912516756935	0.229486757224211
0.339809674198765	0.000715460933619631	0.229486757224211
0.351187222545797	0.000178909373892902	0.229486757224211
0.362576010251310	0	0.229486757224211
0	0.387092946347024	0.209844987624310
0.000191007001873353	0.374934063068474	0.209844987624310
0.000763839506643184	0.362787179139761	0.209844987624310
0.00171793219778615	0.350664282068811	0.209844987624310
0.00305234350100507	0.338577335691417	0.209844987624310
0.00476575651344916	0.326538268364380	0.209844987624310
0.00685648030333798	0.314558961193657	0.209844987624310
0.00932245157870703	0.302651236309146	0.209844987624310
0.0121612367236279	0.290826845197671	0.209844987624310
0.0153700341998931	0.279097457105683	0.209844987624310
0.0189456773117966	0.267474647523124	0.209844987624310
0.0228846373312793	0.255969886759811	0.209844987624310
0.0271830269803585	0.244594528625631	0.209844987624310
0.0318366042674016	0.233359799225701	0.209844987624310
0.0368407766734592	0.222276785881551	0.209844987624310
0.0421906056845277	0.211356426189285	0.209844987624310
0.0478808116652659	0.200609497225487	0.209844987624310
0.0539057790693577	0.190046604911552	0.209844987624310
0.0602595619813783	0.179678173546921	0.209844987624310
0.0669358899846952	0.169514435521555	0.209844987624310
0.0739281743496118	0.159565421217802	0.209844987624310
0.0812295145356487	0.149840949111620	0.209844987624310
0.0888327050015438	0.140350616082928	0.209844987624310
0.0967302423162516	0.131103787944645	0.209844987624310
0.104914332563924	0.122109590199759	0.209844987624310
0.113376899035563	0.113376899035563	0.209844987624310
0.122109590199759	0.104914332563924	0.209844987624310
0.131103787944645	0.0967302423162516	0.209844987624310
0.140350616082928	0.0888327050015438	0.209844987624310
0.149840949111620	0.0812295145356487	0.209844987624310
0.159565421217802	0.0739281743496118	0.209844987624310
0.169514435521555	0.0669358899846952	0.209844987624310
0.179678173546921	0.0602595619813783	0.209844987624310
0.190046604911552	0.0539057790693577	0.209844987624310
0.200609497225487	0.0478808116652659	0.209844987624310
0.211356426189285	0.0421906056845278	0.209844987624310
0.222276785881551	0.0368407766734592	0.209844987624310
0.233359799225701	0.0318366042674016	0.209844987624310
0.244594528625631	0.0271830269803586	0.209844987624310
0.255969886759811	0.0228846373312793	0.209844987624310
0.267474647523124	0.0189456773117966	0.209844987624310
0.279097457105683	0.0153700341998931	0.209844987624310
0.290826845197671	0.0121612367236279	0.209844987624310
0.302651236309146	0.00932245157870708	0.209844987624310
0.314558961193657	0.00685648030333802	0.209844987624310
0.326538268364380	0.00476575651344916	0.209844987624310
0.338577335691417	0.00305234350100507	0.209844987624310
0.350664282068811	0.00171793219778615	0.209844987624310
0.362787179139761	0.000763839506643184	0.209844987624310
0.374934063068474	0.000191007001873353	0.209844987624310
0.387092946347023	0	0.209844987624310
0	0.412214747707527	0.190983005625053
0.000203403094348843	0.399266769578834	0.190983005625053
0.000813411643098474	0.386331569541326	0.190983005625053
0.00182942364145845	0.373421913075755	0.190983005625053
0.00325043640825100	0.360550540454449	0.190983005625053
0.00507504757543629	0.347730154168206	0.190983005625053
0.00730145647208026	0.334973406390468	0.190983005625053
0.00992746590139954	0.322292886491149	0.190983005625053
0.0129504843091294	0.309701108612453	0.190983005625053
0.0163675283410747	0.297210499318922	0.190983005625053
0.0201752257873207	0.284833385333920	0.190983005625053
0.0243698189101969	0.272581981374642	0.190983005625053
0.0289471681527104	0.260468378097666	0.190983005625053
0.0339027562237888	0.248504530166934	0.190983005625053
0.0392316925563015	0.236702244455941	0.190983005625053
0.0449287181334584	0.225073168395776	0.190983005625053
0.0509882106788252	0.213628778480514	0.190983005625053
0.0574041902048310	0.202380368941305	0.190983005625053
0.0641703249142942	0.191339040600327	0.190983005625053
0.0712799374491419	0.180515689915616	0.190983005625053
0.0787260114801562	0.169920998227580	0.190983005625053
0.0865011986312439	0.159565421217802	0.190983005625053
0.0945978257313965	0.149459178590546	0.190983005625053
0.103007902387184	0.139612243987144	0.190983005625053
0.111723128868308	0.130034335143215	0.190983005625053
0.120734904298433	0.120734904298433	0.190983005625053
0.130034335143215	0.111723128868308	0.190983005625053
0.139612243987144	0.103007902387184	0.190983005625053
0.149459178590546	0.0945978257313965	0.190983005625053
0.159565421217802	0.0865011986312439	0.190983005625053
0.169920998227580	0.0787260114801562	0.190983005625053
0.180515689915616	0.0712799374491419	0.190983005625053
0.191339040600327	0.0641703249142942	0.190983005625053
0.202380368941305	0.0574041902048310	0.190983005625053
0.213628778480514	0.0509882106788252	0.190983005625053
0.225073168395776	0.0449287181334584	0.190983005625053
0.236702244455941	0.0392316925563014	0.190983005625053
0.248504530166934	0.0339027562237888	0.190983005625053
0.260468378097666	0.0289471681527104	0.190983005625053
0.272581981374642	0.0243698189101969	0.190983005625053
0.284833385333920	0.0201752257873207	0.190983005625053
0.297210499318922	0.0163675283410747	0.190983005625053
0.309701108612453	0.0129504843091294	0.190983005625053
0.322292886491149	0.00992746590139958	0.190983005625053
0.334973406390468	0.00730145647208031	0.190983005625053
0.347730154168206	0.00507504757543629	0.190983005625053
0.360550540454449	0.00325043640825100	0.190983005625053
0.373421913075755	0.00182942364145845	0.190983005625053
0.386331569541326	0.000813411643098474	0.190983005625053
0.399266769578834	0.000203403094348843	0.190983005625053
0.412214747707527	0	0.190983005625053
0	0.437916622147869	0.172919425725438
0.000216085417872698	0.424161328633275	0.172919425725438
0.000864128421271736	0.410419609932683	0.172919425725438
0.00194348946999189	0.396705027463392	0.172919425725438
0.00345310336499088	0.383031115862519	0.172919425725438
0.00539148029961232	0.369411369629943	0.172919425725438
0.00775670732984477	0.355859229810862	0.172919425725438
0.0105464502621667	0.342388070731108	0.172919425725438
0.0137579559571138	0.329011186798301	0.172919425725438
0.0173880550462947	0.315741779381872	0.172919425725438
0.0214331650601757	0.302592943784905	0.172919425725438
0.0258892939635450	0.289577656320657	0.172919425725438
0.0307520440951702	0.276708761506500	0.172919425725438
0.0360166165077581	0.263998959387935	0.172919425725438
0.0416778157039372	0.251460793005180	0.172919425725438
0.0477300547635854	0.239106636014704	0.172919425725438
0.0541673608574469	0.226948680477921	0.172919425725438
0.0609833811415922	0.214998924829098	0.172919425725438
0.0681713890269090	0.203269162034348	0.172919425725438
0.0757242908174333	0.191770967953400	0.172919425725438
0.0836346327109706	0.180515689915616	0.172919425725438
0.0918946081550991	0.169514435521555	0.172919425725438
0.100496065551295	0.158778061681105	0.172919425725438
0.109430516299573	0.148317163899029	0.172919425725438
0.118689143175716	0.138142065818478	0.172919425725438
0.128262809032804	0.128262809032804	0.172919425725438
0.138142065818478	0.118689143175716	0.172919425725438
0.148317163899029	0.109430516299573	0.172919425725438
0.158778061681105	0.100496065551295	0.172919425725438
0.169514435521555	0.0918946081550991	0.172919425725438
0.180515689915616	0.0836346327109706	0.172919425725438
0.191770967953400	0.0757242908174333	0.172919425725438
0.203269162034348	0.0681713890269090	0.172919425725438
0.214998924829098	0.0609833811415923	0.172919425725438
0.226948680477921	0.0541673608574469	0.172919425725438
0.239106636014704	0.0477300547635855	0.172919425725438
0.251460793005180	0.0416778157039371	0.172919425725438
0.263998959387935	0.0360166165077581	0.172919425725438
0.276708761506500	0.0307520440951702	0.172919425725438
0.289577656320657	0.0258892939635450	0.172919425725438
0.302592943784905	0.0214331650601757	0.172919425725438
0.315741779381872	0.0173880550462947	0.172919425725438
0.329011186798301	0.0137579559571138	0.172919425725438
0.342388070731108	0.0105464502621668	0.172919425725438
0.355859229810862	0.00775670732984482	0.172919425725438
0.369411369629943	0.00539148029961232	0.172919425725438
0.383031115862519	0.00345310336499088	0.172919425725438
0.396705027463392	0.00194348946999189	0.172919425725438
0.410419609932683	0.000864128421271736	0.172919425725438
0.424161328633275	0.000216085417872698	0.172919425725438
0.437916622147869	0	0.172919425725438
0	0.812618685414275	0.0177127492713114
0.000400978266930488	0.787093715664342	0.0177127492713114
0.00160351735058333	0.761593935977885	0.0177127492713114
0.00360643049006715	0.736144511558829	0.0177127492713114
0.00640774105192790	0.710770557916530	0.0177127492713114
0.0100046844808474	0.685497116079798	0.0177127492713114
0.0143937110279256	0.660349127884425	0.0177127492713114
0.0195704892538541	0.635351411358608	0.0177127492713114
0.0255299103035239	0.610528636230547	0.0177127492713114
0.0322660929478485	0.585905299582402	0.0177127492713114
0.0397723893878273	0.561505701674635	0.0177127492713114
0.0480413918151201	0.537353921964581	0.0177127492713114
0.0570649397226599	0.513473795342934	0.0177127492713114
0.0668341279580882	0.489888888611587	0.0177127492713114
0.0773393155120651	0.466622477226045	0.0177127492713114
0.0885701350327811	0.443697522325355	0.0177127492713114
0.100515503057283	0.421136648072242	0.0177127492713114
0.113163630949512	0.398962119325787	0.0177127492713114
0.126502036534266	0.377195819668699	0.0177127492713114
0.140517556415597	0.355859229810862	0.0177127492713114
0.155196358967497	0.334973406390468	0.0177127492713114
0.170523957984041	0.314558961193657	0.0177127492713114
0.186485226975523	0.294636040813173	0.0177127492713114
0.203064414096475	0.275224306766107	0.0177127492713114
0.220245157690839	0.256342916090358	0.0177127492713114
0.238010502438943	0.238010502438943	0.0177127492713114
0.256342916090358	0.220245157690839	0.0177127492713114
0.275224306766107	0.203064414096475	0.0177127492713114
0.294636040813173	0.186485226975523	0.0177127492713114
0.314558961193657	0.170523957984041	0.0177127492713114
0.334973406390468	0.155196358967497	0.0177127492713114
0.355859229810862	0.140517556415597	0.0177127492713114
0.377195819668699	0.126502036534266	0.0177127492713114
0.398962119325787	0.113163630949512	0.0177127492713114
0.421136648072242	0.100515503057283	0.0177127492713114
0.443697522325355	0.0885701350327812	0.0177127492713114
0.466622477226045	0.0773393155120650	0.0177127492713114
0.489888888611588	0.0668341279580882	0.0177127492713114
0.513473795342934	0.0570649397226600	0.0177127492713114
0.537353921964581	0.0480413918151201	0.0177127492713114
0.561505701674635	0.0397723893878273	0.0177127492713114
0.585905299582402	0.0322660929478485	0.0177127492713114
0.610528636230546	0.0255299103035239	0.0177127492713114
0.635351411358608	0.0195704892538542	0.0177127492713114
0.660349127884425	0.0143937110279257	0.0177127492713114
0.685497116079797	0.0100046844808474	0.0177127492713114
0.710770557916530	0.00640774105192790	0.0177127492713114
0.736144511558829	0.00360643049006715	0.0177127492713114
0.761593935977885	0.00160351735058333	0.0177127492713114
0.787093715664342	0.000400978266930488	0.0177127492713114
0.812618685414275	0	0.0177127492713114
0	0.843565534959769	0.0123116594048622
0.000416248669051976	0.817068501174535	0.0123116594048622
0.00166458388902601	0.790597616762622	0.0123116594048622
0.00374377370377321	0.764179005291075	0.0123116594048622
0.00665176620397003	0.737838738739859	0.0123116594048622
0.0103856915521051	0.711602811771961	0.0123116594048622
0.0149418648146620	0.685497116079798	0.0123116594048622
0.0203157895987040	0.659547414833237	0.0123116594048622
0.0265021624892712	0.633779317254464	0.0123116594048622
0.0334948782832103	0.608218253344769	0.0123116594048622
0.0412870360142736	0.582889448788207	0.0123116594048622
0.0498709457635390	0.557817900056890	0.0123116594048622
0.0592381362484321	0.533028349742493	0.0123116594048622
0.0693793631828589	0.508545262138296	0.0123116594048622
0.0802846184002003	0.484392799095887	0.0123116594048622
0.0919431397301641	0.460594796180325	0.0123116594048622
0.104343421619748	0.437174739147321	0.0123116594048622
0.117473226487831	0.414155740765629	0.0123116594048622
0.131319596802190	0.391560518007533	0.0123116594048622
0.145868867867015	0.369411369629943	0.0123116594048622
0.161106681308322	0.347730154168206	0.0123116594048622
0.177017999243927	0.326538268364380	0.0123116594048622
0.193587119124024	0.305856626051225	0.0123116594048622
0.210797689227706	0.285705637512780	0.0123116594048622
0.228632724800137	0.266105189341873	0.0123116594048622
0.247074624814459	0.247074624814459	0.0123116594048622
0.266105189341873	0.228632724800137	0.0123116594048622
0.285705637512780	0.210797689227706	0.0123116594048622
0.305856626051225	0.193587119124024	0.0123116594048622
0.326538268364380	0.177017999243927	0.0123116594048622
0.347730154168206	0.161106681308322	0.0123116594048622
0.369411369629943	0.145868867867015	0.0123116594048622
0.391560518007533	0.131319596802190	0.0123116594048622
0.414155740765629	0.117473226487831	0.0123116594048622
0.437174739147321	0.104343421619748	0.0123116594048622
0.460594796180325	0.0919431397301642	0.0123116594048622
0.484392799095887	0.0802846184002002	0.0123116594048622
0.508545262138297	0.0693793631828589	0.0123116594048622
0.533028349742493	0.0592381362484322	0.0123116594048622
0.557817900056890	0.0498709457635390	0.0123116594048622
0.582889448788207	0.0412870360142736	0.0123116594048622
0.608218253344769	0.0334948782832103	0.0123116594048622
0.633779317254464	0.0265021624892712	0.0123116594048622
0.659547414833236	0.0203157895987041	0.0123116594048622
0.685497116079797	0.0149418648146621	0.0123116594048622
0.711602811771961	0.0103856915521051	0.0123116594048622
0.737838738739859	0.00665176620397003	0.0123116594048622
0.764179005291075	0.00374377370377321	0.0123116594048622
0.790597616762622	0.00166458388902601	0.0123116594048622
0.817068501174535	0.000416248669051976	0.0123116594048622
0.843565534959769	0	0.0123116594048622
0	0.874666766435696	0.00788529868552201
0.000431595249336754	0.847192819361539	0.00788529868552201
0.00172595506494320	0.819745985756174	0.00788529868552201
0.00388180206995118	0.792353352330674	0.00788529868552201
0.00689700870364528	0.765041952307076	0.00788529868552201
0.0107685993211085	0.737838738739859	0.00788529868552201
0.0154927531298241	0.710770557916530	0.00788529868552201
0.0210648079603369	0.683864122863580	0.00788529868552201
0.0274792648672515	0.657145986983954	0.00788529868552201
0.0347297935560276	0.630642517852045	0.00788529868552201
0.0428092386302162	0.604379871192083	0.00788529868552201
0.0517096266529724	0.578383965065594	0.00788529868552201
0.0614221740158746	0.552680454293402	0.00788529868552201
0.0719372956072856	0.527294705137415	0.00788529868552201
0.0832446142717009	0.502251770267192	0.00788529868552201
0.0953329710507475	0.477576364035981	0.00788529868552201
0.108190436195730	0.453292838090632	0.00788529868552201
0.121804320940850	0.429425157339470	0.00788529868552201
0.136161190025489	0.405996876301814	0.00788529868552201
0.151246874953186	0.383031115862519	0.00788529868552201
0.167046487974235	0.360550540454449	0.00788529868552201
0.183544436778093	0.338577335691417	0.00788529868552201
0.200724439881114	0.317133186473669	0.00788529868552201
0.218569542694401	0.296239255587499	0.00788529868552201
0.237062134255942	0.275916162820136	0.00788529868552201
0.256183964610505	0.256183964610505	0.00788529868552201
0.275916162820136	0.237062134255942	0.00788529868552201
0.296239255587499	0.218569542694401	0.00788529868552201
0.317133186473669	0.200724439881114	0.00788529868552201
0.338577335691417	0.183544436778093	0.00788529868552201
0.360550540454449	0.167046487974235	0.00788529868552201
0.383031115862519	0.151246874953186	0.00788529868552201
0.405996876301814	0.136161190025489	0.00788529868552201
0.429425157339470	0.121804320940850	0.00788529868552201
0.453292838090632	0.108190436195730	0.00788529868552201
0.477576364035981	0.0953329710507476	0.00788529868552201
0.502251770267192	0.0832446142717008	0.00788529868552201
0.527294705137415	0.0719372956072856	0.00788529868552201
0.552680454293401	0.0614221740158746	0.00788529868552201
0.578383965065594	0.0517096266529724	0.00788529868552201
0.604379871192083	0.0428092386302162	0.00788529868552201
0.630642517852045	0.0347297935560276	0.00788529868552201
0.657145986983954	0.0274792648672515	0.00788529868552201
0.683864122863580	0.0210648079603370	0.00788529868552201
0.710770557916530	0.0154927531298242	0.00788529868552201
0.737838738739859	0.0107685993211085	0.00788529868552201
0.765041952307076	0.00689700870364528	0.00788529868552201
0.792353352330673	0.00388180206995118	0.00788529868552201
0.819745985756174	0.00172595506494320	0.00788529868552201
0.847192819361539	0.000431595249336754	0.00788529868552201
0.874666766435696	0	0.00788529868552201
0	0.905891686681486	0.00443803539692000
0.000447002862562896	0.877436941160254	0.00443803539692000
0.00178757031239370	0.849010277037469	0.00443803539692000
0.00402037937126800	0.820639747998627	0.00443803539692000
0.00714322652621494	0.792353352330673	0.00443803539692000
0.0111530299041186	0.764179005291075	0.00443803539692000
0.0160458323131544	0.736144511558829	0.00443803539692000
0.0218168051480598	0.708277537794605	0.00443803539692000
0.0284602531553849	0.680605585337087	0.00443803539692000
0.0359696200540193	0.653155963062475	0.00443803539692000
0.0443374950054512	0.625955760433921	0.00443803539692000
0.0535556199273691	0.599031820767500	0.00443803539692000
0.0636148976433930	0.572410714741095	0.00443803539692000
0.0745054008608884	0.546118714172350	0.00443803539692000
0.0862163819680061	0.520181766091554	0.00443803539692000
0.0987362836402771	0.494625467135057	0.00443803539692000
0.112052750246297	0.469475038284480	0.00443803539692000
0.126152640041242	0.444755299976650	0.00443803539692000
0.141022038136185	0.420490647608828	0.00443803539692000
0.156646270230411	0.396705027463392	0.00443803539692000
0.173009917093178	0.373421913075755	0.00443803539692000
0.190096829780641	0.350664282068811	0.00443803539692000
0.207890145572905	0.328454593476803	0.00443803539692000
0.226372304615495	0.306814765580963	0.00443803539692000
0.245525067248816	0.285766154278816	0.00443803539692000
0.265329532008488	0.265329532008488	0.00443803539692000
0.285766154278816	0.245525067248816	0.00443803539692000
0.306814765580963	0.226372304615495	0.00443803539692000
0.328454593476803	0.207890145572905	0.00443803539692000
0.350664282068811	0.190096829780641	0.00443803539692000
0.373421913075755	0.173009917093178	0.00443803539692000
0.396705027463392	0.156646270230411	0.00443803539692000
0.420490647608828	0.141022038136185	0.00443803539692000
0.444755299976650	0.126152640041242	0.00443803539692000
0.469475038284480	0.112052750246297	0.00443803539692000
0.494625467135057	0.0987362836402772	0.00443803539692000
0.520181766091554	0.0862163819680061	0.00443803539692000
0.546118714172350	0.0745054008608884	0.00443803539692000
0.572410714741095	0.0636148976433931	0.00443803539692000
0.599031820767500	0.0535556199273691	0.00443803539692000
0.625955760433921	0.0443374950054512	0.00443803539692000
0.653155963062475	0.0359696200540193	0.00443803539692000
0.680605585337087	0.0284602531553849	0.00443803539692000
0.708277537794605	0.0218168051480599	0.00443803539692000
0.736144511558829	0.0160458323131545	0.00443803539692000
0.764179005291075	0.0111530299041186	0.00443803539692000
0.792353352330673	0.00714322652621494	0.00443803539692000
0.820639747998627	0.00402037937126800	0.00443803539692000
0.849010277037469	0.00178757031239370	0.00443803539692000
0.877436941160254	0.000447002862562896	0.00443803539692000
0.905891686681485	0	0.00443803539692000
0	0.937209480470687	0.00197327157172844
0.000462456303276333	0.907771019273884	0.00197327157172844
0.00184936882456719	0.878361610284134	0.00197327157172844
0.00415936884865791	0.849010277037469	0.00197327157172844
0.00739017668441438	0.819745985756174	0.00197327157172844
0.0115386039145630	0.790597616762622	0.00197327157172844
0.0166005565422732	0.761593935977885	0.00197327157172844
0.0225710390314384	0.732763566533241	0.00197327157172844
0.0294441592366669	0.704134960522599	0.00197327157172844
0.0372131342181180	0.675736370923718	0.00197327157172844
0.0458702969354447	0.647595823715929	0.00197327157172844
0.0554071038142368	0.619741090221876	0.00197327157172844
0.0658141431774978	0.592199659700576	0.00197327157172844
0.0770811445338332	0.564998712218835	0.00197327157172844
0.0891969887131858	0.538165091827808	0.00197327157172844
0.102149718840114	0.511725280071159	0.00197327157172844
0.115926552133785	0.485705369850973	0.00197327157172844
0.130513892523035	0.460131039677218	0.00197327157172844
0.145897344064050	0.435027528326148	0.00197327157172844
0.162061725147427	0.410419609932683	0.00197327157172844
0.178991083480586	0.386331569541326	0.00197327157172844
0.196668711830757	0.362787179139761	0.00197327157172844
0.215077164513005	0.339809674198765	0.00197327157172844
0.234198274607013	0.317421730741606	0.00197327157172844
0.254013171885636	0.295645442965548	0.00197327157172844
0.274502301437543	0.274502301437543	0.00197327157172844
0.295645442965548	0.254013171885636	0.00197327157172844
0.317421730741606	0.234198274607013	0.00197327157172844
0.339809674198765	0.215077164513005	0.00197327157172844
0.362787179139761	0.196668711830757	0.00197327157172844
0.386331569541326	0.178991083480586	0.00197327157172844
0.410419609932683	0.162061725147427	0.00197327157172844
0.435027528326148	0.145897344064050	0.00197327157172844
0.460131039677218	0.130513892523035	0.00197327157172844
0.485705369850973	0.115926552133785	0.00197327157172844
0.511725280071159	0.102149718840114	0.00197327157172844
0.538165091827808	0.0891969887131857	0.00197327157172844
0.564998712218835	0.0770811445338332	0.00197327157172844
0.592199659700575	0.0658141431774979	0.00197327157172844
0.619741090221876	0.0554071038142368	0.00197327157172844
0.647595823715929	0.0458702969354447	0.00197327157172844
0.675736370923718	0.0372131342181180	0.00197327157172844
0.704134960522599	0.0294441592366669	0.00197327157172844
0.732763566533241	0.0225710390314385	0.00197327157172844
0.761593935977885	0.0166005565422733	0.00197327157172844
0.790597616762622	0.0115386039145630	0.00197327157172844
0.819745985756174	0.00739017668441438	0.00197327157172844
0.849010277037469	0.00415936884865791	0.00197327157172844
0.878361610284134	0.00184936882456719	0.00197327157172844
0.907771019273884	0.000462456303276333	0.00197327157172844
0.937209480470686	0	0.00197327157172844
0	0.968589240921872	0.000493439634268400
0.000477940320796796	0.938165117629608	0.000493439634268400
0.00191128961379316	0.907771019273884	0.000493439634268400
0.00429863333628714	0.877436941160254	0.000493439634268400
0.00763761546825211	0.847192819361539	0.000493439634268400
0.0119249408374441	0.817068501174535	0.000493439634268400
0.0171563783713388	0.787093715664342	0.000493439634268400
0.0233267652726894	0.757298044325358	0.000493439634268400
0.0304300121145840	0.727710891887919	0.000493439634268400
0.0384591088499750	0.698361457299381	0.000493439634268400
0.0474061317297492	0.669278704908283	0.000493439634268400
0.0572622511225115	0.640491335880031	0.000493439634268400
0.0680177402283649	0.612027759872316	0.000493439634268400
0.0796619846780879	0.583916066998207	0.000493439634268400
0.0921834930082353	0.556184000104606	0.000493439634268400
0.105569908001825	0.528858927393403	0.000493439634268400
0.119808018883420	0.501967815412369	0.000493439634268400
0.134883774356569	0.475537202442425	0.000493439634268400
0.150782296470736	0.449593172307566	0.000493439634268400
0.167487895304048	0.424161328633275	0.000493439634268400
0.184984084447347	0.399266769578834	0.000493439634268400
0.203253597274290	0.374934063068474	0.000493439634268400
0.222278403981420	0.351187222545797	0.000493439634268400
0.242039729381412	0.328049683275409	0.000493439634268400
0.262518071431908	0.305544279215139	0.000493439634268400
0.283693220481686	0.283693220481686	0.000493439634268400
0.305544279215139	0.262518071431908	0.000493439634268400
0.328049683275409	0.242039729381412	0.000493439634268400
0.351187222545797	0.222278403981420	0.000493439634268400
0.374934063068474	0.203253597274290	0.000493439634268400
0.399266769578834	0.184984084447347	0.000493439634268400
0.424161328633275	0.167487895304048	0.000493439634268400
0.449593172307566	0.150782296470736	0.000493439634268400
0.475537202442425	0.134883774356569	0.000493439634268400
0.501967815412368	0.119808018883420	0.000493439634268400
0.528858927393403	0.105569908001825	0.000493439634268400
0.556184000104606	0.0921834930082352	0.000493439634268400
0.583916066998207	0.0796619846780879	0.000493439634268400
0.612027759872316	0.0680177402283650	0.000493439634268400
0.640491335880031	0.0572622511225115	0.000493439634268400
0.669278704908283	0.0474061317297492	0.000493439634268400
0.698361457299381	0.0384591088499750	0.000493439634268400
0.727710891887919	0.0304300121145840	0.000493439634268400
0.757298044325358	0.0233267652726895	0.000493439634268400
0.787093715664342	0.0171563783713389	0.000493439634268400
0.817068501174535	0.0119249408374441	0.000493439634268400
0.847192819361539	0.00763761546825211	0.000493439634268400
0.877436941160254	0.00429863333628714	0.000493439634268400
0.907771019273884	0.00191128961379316	0.000493439634268400
0.938165117629607	0.000477940320796796	0.000493439634268400
0.968589240921872	0	0.000493439634268400
0	1.00000000000000	0
0.000493439634268400	0.968589240921872	0
0.00197327157172844	0.937209480470687	0
0.00443803539692000	0.905891686681486	0
0.00788529868552212	0.874666766435696	0
0.0123116594048622	0.843565534959769	0
0.0177127492713113	0.812618685414275	0
0.0240832380612526	0.781856758603457	0
0.0314168388713689	0.751310112835145	0
0.0397063143230569	0.721008893960771	0
0.0489434837048465	0.690983005625052	0
0.0591192310457745	0.661262079754709	0
0.0702235141117485	0.631875447315322	0
0.0822453743160189	0.602852109365219	0
0.0951729475339805	0.574220708434927	0
0.108993475811632	0.546009500260453	0
0.123693319956136	0.518246325898285	0
0.139257972996056	0.490958584249629	0
0.155672074497985	0.464173205021003	0
0.172919425725438	0.437916622147869	0
0.190983005625053	0.412214747707527	0
0.209844987624310	0.387092946347024	0
0.229486757224211	0.362576010251310	0
0.249888930369541	0.338688134676348	0
0.271031372578588	0.315452894071311	0
0.292893218813452	0.292893218813453	0
0.315452894071311	0.271031372578588	0
0.338688134676348	0.249888930369540	0
0.362576010251310	0.229486757224211	0
0.387092946347023	0.209844987624310	0
0.412214747707527	0.190983005625053	0
0.437916622147869	0.172919425725438	0
0.464173205021003	0.155672074497985	0
0.490958584249629	0.139257972996056	0
0.518246325898285	0.123693319956136	0
0.546009500260453	0.108993475811632	0
0.574220708434927	0.0951729475339804	0
0.602852109365219	0.0822453743160189	0
0.631875447315322	0.0702235141117486	0
0.661262079754708	0.0591192310457745	0
0.690983005625052	0.0489434837048465	0
0.721008893960771	0.0397063143230569	0
0.751310112835145	0.0314168388713689	0
0.781856758603457	0.0240832380612527	0
0.812618685414275	0.0177127492713114	0
0.843565534959769	0.0123116594048622	0
0.874666766435696	0.00788529868552212	0
0.905891686681485	0.00443803539692000	0
0.937209480470686	0.00197327157172844	0
0.968589240921872	0.000493439634268400	0
1.00000000000000	0	0
