0	10
1.23370029647685e-06	9.98429204319169
4.93479814178688e-06	9.96858412514120
1.11032844040126e-05	9.95287628460627
1.97391438628847e-05	9.93716856034441
3.08423552103365e-05	9.92146099111289
4.44128910501718e-05	9.90575361566856
6.04507178986191e-05	9.89004647276782
7.89557961838883e-05	9.87433960116647
9.99280802465030e-05	9.85863303961967
0.000123367518339412	9.84292682688179
0.000149274052628212	9.82722100170635
0.000177647619191035	9.81151560284592
0.000208488148018882	9.79581066905200
0.000241795563015956	9.78010623907495
0.000277569781999443	9.76440235166390
0.000315810716700060	9.74869904556662
0.000356518272761952	9.73299635952948
0.000399692349743463	9.71729433229727
0.000445332841116697	9.70159300261319
0.000493439634268400	9.68589240921872
0.000544012610499856	9.67019259085350
0.000597051645027102	9.65449358625528
0.000652556606981714	9.63879543415979
0.000710527359410795	9.62309817330065
0.000770963759277099	9.60740184240931
0.000833865657459909	9.59170648021490
0.000899232898755042	9.57601212544416
0.000967065321875293	9.56031881682135
0.00103736275945088	9.54462659306816
0.00111012503802999	9.52893549290357
0.00118535197807890	9.51324555504384
0.00126304339398253	9.49755681820231
0.00134319909404501	9.48186932108938
0.00142581888049020	9.46618310241240
0.00151090254946207	9.45049820087554
0.00159844989102498	9.43481465517976
0.00168846068916462	9.41913250402262
0.00178093472178820	9.40345178609829
0.00187587176072546	9.38777254009738
0.00197327157172844	9.37209480470687
0.00207313391447295	9.35641861861000
0.00217545854255852	9.34074402048622
0.00228024520350933	9.32507104901104
0.00238749363877477	9.30939974285594
0.00249720358372996	9.29373014068833
0.00260937476767631	9.27806228117139
0.00272400691384289	9.26239620296401
0.00284109973938607	9.24673194472067
0.00296065295539105	9.23106954509138
0.00308266626687204	9.21540904272155
0.00320713937277339	9.19975047625191
0.00333407196597013	9.18409388431842
0.00346346373326867	9.16843930555217
0.00359531435540761	9.15278677857927
0.00372962350705874	9.13713634202077
0.00386639085682750	9.12148803449257
0.00400561606725414	9.10584189460531
0.00414729879481435	9.09019796096430
0.00429143868991988	9.07455627216938
0.00443803539692000	9.05891686681486
0.00458708855410184	9.04327978348942
0.00473859779369168	9.02764506077601
0.00489256274185534	9.01201273725175
0.00504898301869983	8.99638285148785
0.00520785823827352	8.98075544204950
0.00536918800856767	8.96513054749578
0.00553297193151703	8.94950820637955
0.00569920960300108	8.93388845724740
0.00586790061284492	8.91827133863950
0.00603904454482029	8.90265688908955
0.00621264097664653	8.88704514712463
0.00638868947999161	8.87143615126518
0.00656718962047342	8.85582994002484
0.00674814095766063	8.84022655191039
0.00693154304507371	8.82462602542162
0.00711739543018630	8.80902839905130
0.00730569765442624	8.79343371128502
0.00749644925317627	8.77784200060111
0.00768964975577591	8.76225330547057
0.00788529868552212	8.74666766435696
0.00808339555967064	8.73108511571630
0.00828393988943710	8.71550569799697
0.00848693117999833	8.69992944963965
0.00869236893049341	8.68435640907718
0.00890025263402516	8.66878661473448
0.00911058177766133	8.65322010502847
0.00932335584243549	8.63765691836798
0.00953857430334881	8.62209709315362
0.00975623662937120	8.60654066777770
0.00997634228344246	8.59098768062417
0.0101988907224738	8.57543817006847
0.0104238813973491	8.55989217447748
0.0106513137529261	8.54434973220939
0.0108811872280382	8.52881088161363
0.0111135012554954	8.51327566103077
0.0113482552620859	8.49774410879243
0.0115854486685777	8.48221626322117
0.0118250808897195	8.46669216263040
0.0120671513342426	8.45117184532429
0.0123116594048622	8.43565534959769
0.0125586044982792	8.42014271373601
0.0128079860051809	8.40463397601514
0.0130598033102431	8.38912917470134
0.0133140557921320	8.37362834805116
0.0135707428235046	8.35813153431137
0.0138298637710111	8.34263877171880
0.0140914179952967	8.32715009850031
0.0143554048510020	8.31166555287266
0.0146218236867658	8.29618517304243
0.0148906738452261	8.28070899720590
0.0151619546630218	8.26523706354902
0.0154356654707947	8.24976941024724
0.0157118055931902	8.23430607546545
0.0159903743488603	8.21884709735790
0.0162713710504641	8.20339251406807
0.0165547950046703	8.18794236372863
0.0168406455121585	8.17249668446127
0.0171289218676208	8.15705551437667
0.0174196233597641	8.14161889157439
0.0177127492713113	8.12618685414275
0.0180082988790035	8.11075944015879
0.0183062714536011	8.09533668768810
0.0186066662598867	8.07991863478480
0.0189094825566659	8.06450531949140
0.0192147195967696	8.04909677983872
0.0195223766270556	8.03369305384580
0.0198324528884110	8.01829417951981
0.0201449476157531	8.00290019485593
0.0204598600380326	7.98751113783730
0.0207771893782343	7.97212704643488
0.0210969348533794	7.95674795860738
0.0214190956745279	7.94137391230119
0.0217436710467800	7.92600494545022
0.0220706601692782	7.91064109597588
0.0224000622352093	7.89528240178694
0.0227318764318065	7.87992890077945
0.0230661019403513	7.86458063083665
0.0234027379361754	7.84923762982887
0.0237417835886630	7.83389993561343
0.0240832380612526	7.81856758603457
0.0244271005114393	7.80324061892335
0.0247733700907766	7.78791907209753
0.0251220459448788	7.77260298336150
0.0254731272134229	7.75729239050619
0.0258266130301507	7.74198733130896
0.0261825025228711	7.72668784353354
0.0265407948134623	7.71139396492987
0.0269014890178735	7.69610573323409
0.0272645842461277	7.68082318616840
0.0276300796023234	7.66554636144095
0.0279979741846373	7.65027529674579
0.0283682670853260	7.63501002976275
0.0287409573907287	7.61975059815738
0.0291160441812690	7.60449703958078
0.0294935265314575	7.58924939166961
0.0298734035098942	7.57400769204593
0.0302556741792702	7.55877197831710
0.0306403375963707	7.54354228807574
0.0310273928120770	7.52831865889959
0.0314168388713689	7.51310112835145
0.0318086748133268	7.49788973397906
0.0322028996711345	7.48268451331503
0.0325995124720815	7.46748550387672
0.0329985122375649	7.45229274316618
0.0333998979830927	7.43710626867003
0.0338036687182852	7.42192611785940
0.0342098234468785	7.40675232818979
0.0346183611667261	7.39158493710103
0.0350292808698017	7.37642398201714
0.0354425815422019	7.36126950034627
0.0358582621641483	7.34612152948060
0.0362763217099903	7.33098010679624
0.0366967591482075	7.31584526965315
0.0371195734414125	7.30071705539504
0.0375447635463527	7.28559550134926
0.0379723284139141	7.27048064482675
0.0384022669891227	7.25537252312191
0.0388345782111481	7.24027117351254
0.0392692610133050	7.22517663325972
0.0397063143230569	7.21008893960771
0.0401457370620183	7.19500812978391
0.0405875281459571	7.17993424099871
0.0410316864847979	7.16486731044543
0.0414782109826242	7.14980737530024
0.0419271005376809	7.13475447272202
0.0423783540423778	7.11970863985231
0.0428319703832917	7.10466991381521
0.0432879484411695	7.08963833171728
0.0437462870909305	7.07461393064746
0.0442069852016699	7.05959674767696
0.0446700416366606	7.04458681985919
0.0451354552533571	7.02958418422965
0.0456032249033974	7.01458887780586
0.0460733494326064	6.99960093758724
0.0465458276809988	6.98462040055504
0.0470206584827811	6.96964730367226
0.0474978406663559	6.95468168388352
0.0479773730543234	6.93972357811499
0.0484592544634851	6.92477302327433
0.0489434837048465	6.90983005625053
0.0494300595836200	6.89489471391388
0.0499189808992283	6.87996703311585
0.0504102464453063	6.86504705068902
0.0509038550097054	6.85013480344695
0.0513998053744954	6.83523032818414
0.0518980963159680	6.82033366167589
0.0523987266046400	6.80544484067825
0.0529016950052558	6.79056390192790
0.0534070002767908	6.77569088214209
0.0539146411724547	6.76082581801851
0.0544246164396939	6.74596874623522
0.0549369248201952	6.73111970345058
0.0554515650498885	6.71627872630311
0.0559685358589502	6.70144585141147
0.0564878359718064	6.68662111537429
0.0570094641071355	6.67180455477013
0.0575334189778720	6.65699620615739
0.0580596992912094	6.64219610607419
0.0585883037486031	6.62740429103831
0.0591192310457745	6.61262079754709
0.0596524798727131	6.59784566207731
0.0601880489136804	6.58307892108517
0.0607259368472130	6.56832061100612
0.0612661423461259	6.55357076825483
0.0618086640775158	6.53882942922507
0.0623535007027644	6.52409663028963
0.0629006508775412	6.50937240780023
0.0634501132518077	6.49465679808741
0.0640018864698200	6.47994983746049
0.0645559691701327	6.46525156220743
0.0651123599856017	6.45056200859476
0.0656710575433880	6.43588121286749
0.0662320604649609	6.42120921124904
0.0667953673661015	6.40654603994109
0.0673609768569059	6.39189173512358
0.0679288875417891	6.37724633295454
0.0684990980194877	6.36260986957005
0.0690716068830642	6.34798238108412
0.0696464127199100	6.33336390358863
0.0702235141117485	6.31875447315322
0.0708029096346398	6.30415412582521
0.0713845978589827	6.28956289762949
0.0719685773495195	6.27498082456848
0.0725548466653386	6.26040794262200
0.0731434043598792	6.24584428774717
0.0737342489809334	6.23128989587837
0.0743273790706508	6.21674480292712
0.0749227931655420	6.20220904478199
0.0755204897964817	6.18768265730851
0.0761204674887133	6.17316567634910
0.0767227247618511	6.15865813772297
0.0773272601298851	6.14416007722604
0.0779340721011848	6.12967153063081
0.0785431591785015	6.11519253368634
0.0791545198589737	6.10072312211812
0.0797681526341296	6.08626333162798
0.0803840559898914	6.07181319789401
0.0810022284065787	6.05737275657049
0.0816226683589124	6.04294204328777
0.0822453743160189	6.02852109365219
0.0828703447414328	6.01410994324603
0.0834975780931020	5.99970862762735
0.0841270728233905	5.98531718232998
0.0847588273790825	5.97093564286337
0.0853928402013865	5.95656404471255
0.0860291097259388	5.94220242333800
0.0866676343828078	5.92785081417560
0.0873084125964972	5.91350925263651
0.0879514427859506	5.89917777410712
0.0885967233645547	5.88485641394891
0.0892442527401441	5.87054520749843
0.0898940293150043	5.85624419006716
0.0905460514858762	5.84195339694143
0.0912003176439599	5.82767286338235
0.0918568261749188	5.81340262462572
0.0925155754588831	5.79914271588194
0.0931765638704546	5.78489317233591
0.0938397897787102	5.77065402914697
0.0945052515472057	5.75642532144878
0.0951729475339805	5.74220708434927
0.0958428760915610	5.72799935293053
0.0965150355669652	5.71380216224872
0.0971894243017063	5.69961554733399
0.0978660406317972	5.68543954319041
0.0985448828877543	5.67127418479586
0.0992259493946019	5.65711950710195
0.0999092384718762	5.64297554503395
0.100594748433629	5.62884233349067
0.101282477588433	5.61471990734441
0.101972424239384	5.60060830144085
0.102664586684109	5.58650755059897
0.103358963214764	5.57241768961099
0.104055552118045	5.55833875324221
0.104754351675188	5.54427077623104
0.105455360161975	5.53021379328879
0.106158575848736	5.51616783909968
0.106863997000357	5.50213294832070
0.107571621876282	5.48810915558155
0.108281448730516	5.47409649548455
0.108993475811632	5.46009500260453
0.109707701362774	5.44610471148880
0.110424123621662	5.43212565665701
0.111142740820595	5.41815787260107
0.111863551186455	5.40420139378512
0.112586552940717	5.39025625464538
0.113311744299443	5.37632248959008
0.114039123473298	5.36240013299942
0.114768688667545	5.34848921922542
0.115500438082054	5.33458978259187
0.116234369911307	5.32070185739427
0.116970482344399	5.30682547789967
0.117708773565047	5.29296067834668
0.118449241751590	5.27910749294529
0.119191885076996	5.26526595587688
0.119936701708868	5.25143610129406
0.120683689809444	5.23761796332061
0.121432847535605	5.22381157605143
0.122184173038878	5.21001697355239
0.122937664465444	5.19623418986032
0.123693319956136	5.18246325898285
0.124451137646451	5.16870421489839
0.125211115666547	5.15495709155602
0.125973252141256	5.14122192287540
0.126737545190080	5.12749874274668
0.127503992927203	5.11378758503045
0.128272593461491	5.10008848355763
0.129043344896499	5.08640147212940
0.129816245330474	5.07272658451709
0.130591292856362	5.05906385446212
0.131368485561809	5.04541331567592
0.132147821529169	5.03177500183985
0.132929298835510	5.01814894660509
0.133712915552613	5.00453518359257
0.134498669746981	4.99093374639290
0.135286559479845	4.97734466856628
0.136076582807165	4.96376798364239
0.136868737779636	4.95020372512037
0.137663022442696	4.93665192646867
0.138459434836526	4.92311262112502
0.139257972996056	4.90958584249629
0.140058634950975	4.89607162395847
0.140861418725728	4.88256999885655
0.141666322339525	4.86908100050445
0.142473343806348	4.85560466218494
0.143282481134950	4.84214101714953
0.144093732328867	4.82869009861843
0.144907095386416	4.81525193978045
0.145722568300705	4.80182657379291
0.146540149059635	4.78841403378156
0.147359835645908	4.77501435284051
0.148181626037027	4.76162756403215
0.149005518205308	4.74825370038704
0.149831510117878	4.73489279490387
0.150659599736683	4.72154488054934
0.151489785018496	4.70820999025809
0.152322063914917	4.69488815693266
0.153156434372379	4.68157941344333
0.153992894332158	4.66828379262811
0.154831441730370	4.65500132729263
0.155672074497985	4.64173205021003
0.156514790560823	4.62847599412096
0.157359587839568	4.61523319173340
0.158206464249765	4.60200367572266
0.159055417701831	4.58878747873124
0.159906446101058	4.57558463336881
0.160759547347618	4.56239517221208
0.161614719336569	4.54921912780471
0.162471959957858	4.53605653265731
0.163331267096330	4.52290741924726
0.164192638631730	4.50977182001868
0.165056072438708	4.49664976738238
0.165921566386829	4.48354129371570
0.166789118340571	4.47044643136250
0.167658726159337	4.45736521263306
0.168530387697455	4.44429766980398
0.169404100804187	4.43124383511812
0.170279863323734	4.41820374078453
0.171157673095238	4.40517741897833
0.172037527952791	4.39216490184069
0.172919425725438	4.37916622147870
0.173803364237185	4.36618140996530
0.174689341307000	4.35321049933923
0.175577354748825	4.34025352160492
0.176467402371573	4.32731050873244
0.177359481979140	4.31438149265736
0.178253591370410	4.30146650528076
0.179149728339255	4.28856557846909
0.180047890674548	4.27567874405409
0.180948076160161	4.26280603383276
0.181850282574977	4.24994747956721
0.182754507692890	4.23710311298467
0.183660749282816	4.22427296577733
0.184569005108693	4.21145706960229
0.185479272929491	4.19865545608151
0.186391550499213	4.18586815680169
0.187305835566906	4.17309520331424
0.188222125876662	4.16033662713514
0.189140419167627	4.14759245974490
0.190060713174001	4.13486273258850
0.190983005625053	4.12214747707527
0.191907294245115	4.10944672457884
0.192833576753600	4.09676050643706
0.193761850864995	4.08408885395190
0.194692114288878	4.07143179838941
0.195624364729916	4.05878937097961
0.196558599887872	4.04616160291645
0.197494817457616	4.03354852535768
0.198433015129123	4.02095016942481
0.199373190587484	4.00836656620304
0.200315341512909	3.99579774674116
0.201259465580735	3.98324374205148
0.202205560461429	3.97070458310975
0.203153623820596	3.95818030085512
0.204103653318984	3.94567092618999
0.205055646612490	3.93317648998000
0.206009601352165	3.92069702305395
0.206965515184220	3.90823255620366
0.207923385750033	3.89578312018397
0.208883210686154	3.88334874571264
0.209844987624310	3.87092946347024
0.210808714191411	3.85852530410011
0.211774388009560	3.84613629820829
0.212742006696051	3.83376247636341
0.213711567863381	3.82140386909666
0.214683069119255	3.80906050690166
0.215656508066590	3.79673242023444
0.216631882303522	3.78441963951332
0.217609189423412	3.77212219511887
0.218588427014852	3.75984011739381
0.219569592661670	3.74757343664295
0.220552683942938	3.73532218313309
0.221537698432977	3.72308638709300
0.222524633701359	3.71086607871327
0.223513487312921	3.69866128814631
0.224504256827766	3.68647204550622
0.225496939801266	3.67429838086876
0.226491533784077	3.66214032427121
0.227488036322136	3.64999790571240
0.228486444956672	3.63787115515251
0.229486757224211	3.62576010251310
0.230488970656582	3.61366477767700
0.231493082780923	3.60158521048822
0.232499091119688	3.58952143075187
0.233506993190650	3.57747346823416
0.234516786506912	3.56544135266221
0.235528468576908	3.55342511372409
0.236542036904415	3.54142478106866
0.237557488988552	3.52944038430556
0.238574822323793	3.51747195300509
0.239594034399969	3.50551951669816
0.240615122702275	3.49358310487624
0.241638084711278	3.48166274699121
0.242662917902920	3.46975847245539
0.243689619748528	3.45787031064139
0.244718187714816	3.44599829088206
0.245748619263896	3.43414244247044
0.246780911853280	3.42230279465964
0.247815062935889	3.41047937666283
0.248851069960057	3.39867221765311
0.249888930369541	3.38688134676348
0.250928641603522	3.37510679308673
0.251970201096618	3.36334858567542
0.253013606278882	3.35160675354173
0.254058854575818	3.33988132565748
0.255105943408378	3.32817233095400
0.256154870192975	3.31647979832207
0.257205632341486	3.30480375661185
0.258258227261261	3.29314423463280
0.259312652355125	3.28150126115365
0.260368905021390	3.26987486490227
0.261426982653858	3.25826507456564
0.262486882641826	3.24667191878976
0.263548602370098	3.23509542617959
0.264612139218984	3.22353562529898
0.265677490564314	3.21199254467058
0.266744653777440	3.20046621277581
0.267813626225242	3.18895665805473
0.268884405270136	3.17746390890604
0.269956988270082	3.16598799368694
0.271031372578588	3.15452894071311
0.272107555544718	3.14308677825864
0.273185534513097	3.13166153455592
0.274265306823919	3.12025323779560
0.275346869812953	3.10886191612652
0.276430220811551	3.09748759765563
0.277515357146650	3.08613031044794
0.278602276140786	3.07479008252642
0.279690975112093	3.06346694187195
0.280781451374315	3.05216091642327
0.281873702236811	3.04087203407686
0.282967725004560	3.02960032268692
0.284063516978169	3.01834581006527
0.285161075453881	3.00710852398132
0.286260397723579	2.99588849216194
0.287361481074795	2.98468574229144
0.288464322790715	2.97350030201151
0.289568920150187	2.96233219892109
0.290675270427726	2.95118146057639
0.291783370893524	2.94004811449072
0.292893218813452	2.92893218813453
0.294004811449072	2.91783370893524
0.295118146057639	2.90675270427726
0.296233219892109	2.89568920150187
0.297350030201151	2.88464322790715
0.298468574229144	2.87361481074795
0.299588849216194	2.86260397723579
0.300710852398132	2.85161075453881
0.301834581006527	2.84063516978169
0.302960032268692	2.82967725004560
0.304087203407686	2.81873702236811
0.305216091642327	2.80781451374315
0.306346694187195	2.79690975112093
0.307479008252642	2.78602276140786
0.308613031044794	2.77515357146650
0.309748759765563	2.76430220811551
0.310886191612652	2.75346869812953
0.312025323779560	2.74265306823919
0.313166153455592	2.73185534513097
0.314308677825864	2.72107555544718
0.315452894071311	2.71031372578588
0.316598799368694	2.69956988270082
0.317746390890604	2.68884405270136
0.318895665805473	2.67813626225242
0.320046621277581	2.66744653777440
0.321199254467058	2.65677490564315
0.322353562529898	2.64612139218984
0.323509542617959	2.63548602370098
0.324667191878976	2.62486882641826
0.325826507456563	2.61426982653858
0.326987486490227	2.60368905021390
0.328150126115365	2.59312652355125
0.329314423463280	2.58258227261261
0.330480375661184	2.57205632341486
0.331647979832207	2.56154870192975
0.332817233095400	2.55105943408378
0.333988132565748	2.54058854575818
0.335160675354173	2.53013606278882
0.336334858567542	2.51970201096618
0.337510679308673	2.50928641603522
0.338688134676348	2.49888930369540
0.339867221765311	2.48851069960057
0.341047937666283	2.47815062935889
0.342230279465964	2.46780911853280
0.343414244247044	2.45748619263896
0.344599829088206	2.44718187714816
0.345787031064139	2.43689619748528
0.346975847245539	2.42662917902921
0.348166274699121	2.41638084711278
0.349358310487623	2.40615122702275
0.350551951669816	2.39594034399969
0.351747195300509	2.38574822323793
0.352944038430556	2.37557488988552
0.354142478106866	2.36542036904415
0.355342511372409	2.35528468576908
0.356544135266221	2.34516786506912
0.357747346823416	2.33506993190650
0.358952143075187	2.32499091119688
0.360158521048822	2.31493082780923
0.361366477767700	2.30488970656582
0.362576010251310	2.29486757224211
0.363787115515251	2.28486444956672
0.364999790571239	2.27488036322136
0.366214032427121	2.26491533784077
0.367429838086876	2.25496939801266
0.368647204550622	2.24504256827766
0.369866128814631	2.23513487312921
0.371086607871327	2.22524633701359
0.372308638709300	2.21537698432977
0.373532218313309	2.20552683942939
0.374757343664295	2.19569592661670
0.375984011739381	2.18588427014852
0.377212219511888	2.17609189423412
0.378441963951332	2.16631882303522
0.379673242023444	2.15656508066590
0.380906050690166	2.14683069119255
0.382140386909666	2.13711567863381
0.383376247636341	2.12742006696051
0.384613629820829	2.11774388009560
0.385852530410011	2.10808714191412
0.387092946347024	2.09844987624310
0.388334874571264	2.08883210686154
0.389578312018398	2.07923385750033
0.390823255620366	2.06965515184220
0.392069702305395	2.06009601352165
0.393317648998000	2.05055646612490
0.394567092618998	2.04103653318984
0.395818030085511	2.03153623820596
0.397070458310975	2.02205560461429
0.398324374205148	2.01259465580735
0.399579774674116	2.00315341512910
0.400836656620304	1.99373190587484
0.402095016942481	1.98433015129124
0.403354852535768	1.97494817457616
0.404616160291645	1.96558599887872
0.405878937097961	1.95624364729916
0.407143179838941	1.94692114288878
0.408408885395190	1.93761850864995
0.409676050643705	1.92833576753600
0.410944672457884	1.91907294245116
0.412214747707527	1.90983005625053
0.413486273258850	1.90060713174001
0.414759245974490	1.89140419167627
0.416033662713513	1.88222125876662
0.417309520331424	1.87305835566906
0.418586815680169	1.86391550499213
0.419865545608151	1.85479272929491
0.421145706960229	1.84569005108693
0.422427296577732	1.83660749282816
0.423710311298467	1.82754507692890
0.424994747956721	1.81850282574977
0.426280603383276	1.80948076160161
0.427567874405409	1.80047890674548
0.428856557846909	1.79149728339255
0.430146650528076	1.78253591370410
0.431438149265736	1.77359481979140
0.432731050873244	1.76467402371573
0.434025352160492	1.75577354748825
0.435321049933923	1.74689341307001
0.436618140996530	1.73803364237185
0.437916622147869	1.72919425725438
0.439216490184069	1.72037527952791
0.440517741897833	1.71157673095238
0.441820374078452	1.70279863323734
0.443124383511812	1.69404100804188
0.444429766980398	1.68530387697455
0.445736521263306	1.67658726159337
0.447044643136250	1.66789118340571
0.448354129371570	1.65921566386829
0.449664976738238	1.65056072438708
0.450977182001868	1.64192638631730
0.452290741924726	1.63331267096330
0.453605653265731	1.62471959957858
0.454921912780471	1.61614719336569
0.456239517221208	1.60759547347618
0.457558463336881	1.59906446101058
0.458878747873124	1.59055417701831
0.460200367572265	1.58206464249765
0.461523319173340	1.57359587839568
0.462847599412096	1.56514790560823
0.464173205021003	1.55672074497985
0.465500132729263	1.54831441730371
0.466828379262811	1.53992894332158
0.468157941344333	1.53156434372379
0.469488815693266	1.52322063914917
0.470820999025809	1.51489785018496
0.472154488054934	1.50659599736684
0.473489279490387	1.49831510117878
0.474825370038704	1.49005518205308
0.476162756403215	1.48181626037028
0.477501435284051	1.47359835645908
0.478841403378156	1.46540149059635
0.480182657379290	1.45722568300705
0.481525193978045	1.44907095386416
0.482869009861843	1.44093732328867
0.484214101714953	1.43282481134951
0.485560466218493	1.42473343806348
0.486908100050445	1.41666322339525
0.488256999885655	1.40861418725728
0.489607162395847	1.40058634950975
0.490958584249629	1.39257972996056
0.492311262112502	1.38459434836525
0.493665192646867	1.37663022442696
0.495020372512037	1.36868737779636
0.496376798364239	1.36076582807165
0.497734466856628	1.35286559479845
0.499093374639290	1.34498669746981
0.500453518359257	1.33712915552613
0.501814894660509	1.32929298835510
0.503177500183986	1.32147821529169
0.504541331567592	1.31368485561809
0.505906385446212	1.30591292856362
0.507272658451708	1.29816245330474
0.508640147212940	1.29043344896499
0.510008848355763	1.28272593461491
0.511378758503045	1.27503992927203
0.512749874274668	1.26737545190080
0.514122192287539	1.25973252141256
0.515495709155602	1.25211115666547
0.516870421489839	1.24451137646451
0.518246325898285	1.23693319956136
0.519623418986032	1.22937664465444
0.521001697355239	1.22184173038878
0.522381157605143	1.21432847535605
0.523761796332061	1.20683689809444
0.525143610129406	1.19936701708868
0.526526595587688	1.19191885076997
0.527910749294529	1.18449241751590
0.529296067834667	1.17708773565047
0.530682547789967	1.16970482344399
0.532070185739427	1.16234369911307
0.533458978259187	1.15500438082054
0.534848921922542	1.14768688667545
0.536240013299942	1.14039123473298
0.537632248959008	1.13311744299444
0.539025625464538	1.12586552940717
0.540420139378512	1.11863551186456
0.541815787260107	1.11142740820595
0.543212565665700	1.10424123621662
0.544610471148880	1.09707701362774
0.546009500260453	1.08993475811632
0.547409649548455	1.08281448730516
0.548810915558155	1.07571621876282
0.550213294832070	1.06863997000357
0.551616783909968	1.06158575848736
0.553021379328879	1.05455360161975
0.554427077623104	1.04754351675189
0.555833875324222	1.04055552118045
0.557241768961098	1.03358963214764
0.558650755059897	1.02664586684109
0.560060830144085	1.01972424239385
0.561471990734441	1.01282477588433
0.562884233349067	1.00594748433629
0.564297554503395	0.999092384718761
0.565711950710195	0.992259493946019
0.567127418479586	0.985448828877544
0.568543954319041	0.978660406317971
0.569961554733399	0.971894243017063
0.571380216224872	0.965150355669652
0.572799935293053	0.958428760915611
0.574220708434927	0.951729475339803
0.575642532144878	0.945052515472058
0.577065402914697	0.938397897787102
0.578489317233591	0.931765638704547
0.579914271588194	0.925155754588831
0.581340262462572	0.918568261749188
0.582767286338235	0.912003176439599
0.584195339694143	0.905460514858763
0.585624419006716	0.898940293150044
0.587054520749843	0.892442527401441
0.588485641394891	0.885967233645548
0.589917777410712	0.879514427859506
0.591350925263651	0.873084125964972
0.592785081417560	0.866676343828077
0.594220242333800	0.860291097259388
0.595656404471255	0.853928402013866
0.597093564286337	0.847588273790825
0.598531718232998	0.841270728233905
0.599970862762735	0.834975780931019
0.601410994324603	0.828703447414329
0.602852109365220	0.822453743160189
0.604294204328777	0.816226683589123
0.605737275657049	0.810022284065786
0.607181319789401	0.803840559898914
0.608626333162798	0.797681526341297
0.610072312211812	0.791545198589738
0.611519253368634	0.785431591785017
0.612967153063081	0.779340721011847
0.614416007722603	0.773272601298853
0.615865813772297	0.767227247618511
0.617316567634910	0.761204674887132
0.618768265730851	0.755204897964818
0.620220904478199	0.749227931655419
0.621674480292712	0.743273790706509
0.623128989587837	0.737342489809334
0.624584428774717	0.731434043598792
0.626040794262200	0.725548466653386
0.627498082456848	0.719685773495195
0.628956289762949	0.713845978589827
0.630415412582520	0.708029096346397
0.631875447315322	0.702235141117487
0.633336390358863	0.696464127199100
0.634798238108412	0.690716068830643
0.636260986957005	0.684990980194877
0.637724633295454	0.679288875417891
0.639189173512358	0.673609768569058
0.640654603994109	0.667953673661014
0.642120921124904	0.662320604649608
0.643588121286749	0.656710575433881
0.645056200859476	0.651123599856017
0.646525156220743	0.645559691701328
0.647994983746049	0.640018864698201
0.649465679808741	0.634501132518077
0.650937240780022	0.629006508775412
0.652409663028963	0.623535007027643
0.653882942922507	0.618086640775159
0.655357076825483	0.612661423461260
0.656832061100612	0.607259368472130
0.658307892108517	0.601880489136804
0.659784566207731	0.596524798727131
0.661262079754709	0.591192310457746
0.662740429103832	0.585883037486031
0.664219610607419	0.580596992912094
0.665699620615739	0.575334189778721
0.667180455477013	0.570094641071355
0.668662111537429	0.564878359718064
0.670144585141147	0.559685358589503
0.671627872630312	0.554515650498885
0.673111970345058	0.549369248201952
0.674596874623522	0.544246164396938
0.676082581801851	0.539146411724547
0.677569088214209	0.534070002767908
0.679056390192791	0.529016950052556
0.680544484067825	0.523987266046401
0.682033366167589	0.518980963159679
0.683523032818414	0.513998053744954
0.685013480344695	0.509038550097055
0.686504705068902	0.504102464453064
0.687996703311585	0.499189808992282
0.689489471391388	0.494300595836201
0.690983005625053	0.489434837048465
0.692477302327432	0.484592544634850
0.693972357811499	0.479773730543233
0.695468168388352	0.474978406663560
0.696964730367226	0.470206584827812
0.698462040055504	0.465458276809988
0.699960093758724	0.460733494326064
0.701458887780586	0.456032249033974
0.702958418422965	0.451354552533571
0.704458681985919	0.446700416366607
0.705959674767696	0.442069852016699
0.707461393064746	0.437462870909307
0.708963833171728	0.432879484411695
0.710466991381521	0.428319703832917
0.711970863985231	0.423783540423777
0.713475447272202	0.419271005376809
0.714980737530024	0.414782109826241
0.716486731044543	0.410316864847980
0.717993424099871	0.405875281459572
0.719500812978390	0.401457370620182
0.721008893960771	0.397063143230570
0.722517663325971	0.392692610133050
0.724027117351254	0.388345782111481
0.725537252312191	0.384022669891229
0.727048064482675	0.379723284139141
0.728559550134926	0.375447635463527
0.730071705539504	0.371195734414124
0.731584526965315	0.366967591482076
0.733098010679624	0.362763217099904
0.734612152948060	0.358582621641483
0.736126950034627	0.354425815422019
0.737642398201714	0.350292808698018
0.739158493710103	0.346183611667261
0.740675232818979	0.342098234468786
0.742192611785940	0.338036687182854
0.743710626867003	0.333998979830927
0.745229274316618	0.329985122375650
0.746748550387672	0.325995124720816
0.748268451331503	0.322028996711346
0.749788973397906	0.318086748133268
0.751310112835145	0.314168388713689
0.752831865889959	0.310273928120770
0.754354228807574	0.306403375963708
0.755877197831710	0.302556741792703
0.757400769204592	0.298734035098942
0.758924939166961	0.294935265314575
0.760449703958078	0.291160441812689
0.761975059815738	0.287409573907286
0.763501002976275	0.283682670853260
0.765027529674579	0.279979741846374
0.766554636144095	0.276300796023234
0.768082318616840	0.272645842461277
0.769610573323409	0.269014890178735
0.771139396492987	0.265407948134623
0.772668784353354	0.261825025228712
0.774198733130896	0.258266130301507
0.775729239050619	0.254731272134229
0.777260298336150	0.251220459448788
0.778791907209753	0.247733700907766
0.780324061892335	0.244271005114392
0.781856758603457	0.240832380612527
0.783389993561343	0.237417835886630
0.784923762982887	0.234027379361754
0.786458063083665	0.230661019403513
0.787992890077945	0.227318764318065
0.789528240178694	0.224000622352094
0.791064109597588	0.220706601692783
0.792600494545022	0.217436710467799
0.794137391230119	0.214190956745279
0.795674795860738	0.210969348533794
0.797212704643488	0.207771893782343
0.798751113783730	0.204598600380326
0.800290019485593	0.201449476157531
0.801829417951981	0.198324528884109
0.803369305384580	0.195223766270555
0.804909677983872	0.192147195967696
0.806450531949140	0.189094825566659
0.807991863478480	0.186066662598867
0.809533668768810	0.183062714536012
0.811075944015879	0.180082988790035
0.812618685414275	0.177127492713113
0.814161889157439	0.174196233597641
0.815705551437667	0.171289218676208
0.817249668446127	0.168406455121584
0.818794236372863	0.165547950046703
0.820339251406807	0.162713710504642
0.821884709735790	0.159903743488602
0.823430607546545	0.157118055931901
0.824976941024724	0.154356654707946
0.826523706354902	0.151619546630219
0.828070899720590	0.148906738452261
0.829618517304243	0.146218236867657
0.831166555287266	0.143554048510019
0.832715009850031	0.140914179952967
0.834263877171880	0.138298637710111
0.835813153431137	0.135707428235046
0.837362834805116	0.133140557921319
0.838912917470134	0.130598033102432
0.840463397601514	0.128079860051809
0.842014271373601	0.125586044982791
0.843565534959769	0.123116594048621
0.845117184532429	0.120671513342426
0.846669216263039	0.118250808897194
0.848221626322116	0.115854486685778
0.849774410879243	0.113482552620859
0.851327566103077	0.111135012554955
0.852881088161363	0.108811872280382
0.854434973220938	0.106513137529261
0.855989217447748	0.104238813973490
0.857543817006847	0.101988907224738
0.859098768062417	0.0997634228344246
0.860654066777771	0.0975623662937117
0.862209709315362	0.0953857430334875
0.863765691836798	0.0932335584243553
0.865322010502847	0.0911058177766133
0.866878661473448	0.0890025263402521
0.868435640907717	0.0869236893049337
0.869992944963965	0.0848693117999826
0.871550569799697	0.0828393988943716
0.873108511571630	0.0808339555967059
0.874666766435696	0.0788529868552210
0.876225330547057	0.0768964975577582
0.877784200060111	0.0749644925317625
0.879343371128502	0.0730569765442617
0.880902839905130	0.0711739543018624
0.882462602542162	0.0693154304507377
0.884022655191039	0.0674814095766063
0.885582994002484	0.0656718962047336
0.887143615126518	0.0638868947999161
0.888704514712463	0.0621264097664653
0.890265688908955	0.0603904454482027
0.891827133863950	0.0586790061284486
0.893388845724740	0.0569920960300117
0.894950820637955	0.0553297193151696
0.896513054749577	0.0536918800856761
0.898075544204950	0.0520785823827357
0.899638285148785	0.0504898301869989
0.901201273725175	0.0489256274185532
0.902764506077600	0.0473859779369175
0.904327978348942	0.0458708855410190
0.905891686681486	0.0443803539691992
0.907455627216938	0.0429143868991986
0.909019796096430	0.0414729879481435
0.910584189460531	0.0400561606725418
0.912148803449257	0.0386639085682745
0.913713634202076	0.0372962350705883
0.915278677857927	0.0359531435540763
0.916843930555217	0.0346346373326867
0.918409388431842	0.0333407196597015
0.919975047625191	0.0320713937277333
0.921540904272155	0.0308266626687210
0.923106954509138	0.0296065295539112
0.924673194472067	0.0284109973938609
0.926239620296401	0.0272400691384291
0.927806228117139	0.0260937476767644
0.929373014068833	0.0249720358372993
0.930939974285594	0.0238749363877471
0.932507104901103	0.0228024520350942
0.934074402048622	0.0217545854255850
0.935641861861000	0.0207313391447297
0.937209480470687	0.0197327157172840
0.938777254009738	0.0187587176072555
0.940345178609829	0.0178093472178826
0.941913250402262	0.0168846068916455
0.943481465517975	0.0159844989102496
0.945049820087554	0.0151090254946205
0.946618310241239	0.0142581888049023
0.948186932108938	0.0134319909404503
0.949755681820230	0.0126304339398260
0.951324555504383	0.0118535197807894
0.952893549290357	0.0111012503802996
0.954462659306815	0.0103736275945092
0.956031881682135	0.00967065321875360
0.957601212544416	0.00899232898755109
0.959170648021490	0.00833865657459931
0.960740184240931	0.00770963759277166
0.962309817330065	0.00710527359410840
0.963879543415979	0.00652556606981669
0.965449358625528	0.00597051645027058
0.967019259085350	0.00544012610499856
0.968589240921872	0.00493439634268356
0.970159300261319	0.00445332841116652
0.971729433229727	0.00399692349743397
0.973299635952947	0.00356518272761974
0.974869904556662	0.00315810716699971
0.976440235166390	0.00277569781999532
0.978010623907495	0.00241795563015934
0.979581066905199	0.00208488148018837
0.981151560284592	0.00177647619191035
0.982722100170635	0.00149274052628279
0.984292682688179	0.00123367518339457
0.985863303961967	0.000999280802464142
0.987433960116647	0.000789557961839549
0.989004647276782	0.000604507178985969
0.990575361566856	0.000444128910501718
0.992146099111289	0.000308423552104031
0.993716856034441	0.000197391438629069
0.995287628460627	0.000111032844040793
0.996858412514120	4.93479814185349e-05
0.998429204319169	1.23370029641023e-05
1.00000000000000	0
