0	1
0.000500000000000000	0.999500000000000
0.00100000000000000	0.999000000000000
0.00150000000000000	0.998500000000000
0.00200000000000000	0.998000000000000
0.00250000000000000	0.997500000000000
0.00300000000000000	0.997000000000000
0.00350000000000000	0.996500000000000
0.00400000000000000	0.996000000000000
0.00450000000000000	0.995500000000000
0.00500000000000000	0.995000000000000
0.00550000000000000	0.994500000000000
0.00600000000000000	0.994000000000000
0.00650000000000000	0.993500000000000
0.00700000000000000	0.993000000000000
0.00750000000000000	0.992500000000000
0.00800000000000000	0.992000000000000
0.00850000000000000	0.991500000000000
0.00900000000000000	0.991000000000000
0.00950000000000000	0.990500000000000
0.0100000000000000	0.990000000000000
0.0105000000000000	0.989500000000000
0.0110000000000000	0.989000000000000
0.0115000000000000	0.988500000000000
0.0120000000000000	0.988000000000000
0.0125000000000000	0.987500000000000
0.0130000000000000	0.987000000000000
0.0135000000000000	0.986500000000000
0.0140000000000000	0.986000000000000
0.0145000000000000	0.985500000000000
0.0150000000000000	0.985000000000000
0.0155000000000000	0.984500000000000
0.0160000000000000	0.984000000000000
0.0165000000000000	0.983500000000000
0.0170000000000000	0.983000000000000
0.0175000000000000	0.982500000000000
0.0180000000000000	0.982000000000000
0.0185000000000000	0.981500000000000
0.0190000000000000	0.981000000000000
0.0195000000000000	0.980500000000000
0.0200000000000000	0.980000000000000
0.0205000000000000	0.979500000000000
0.0210000000000000	0.979000000000000
0.0215000000000000	0.978500000000000
0.0220000000000000	0.978000000000000
0.0225000000000000	0.977500000000000
0.0230000000000000	0.977000000000000
0.0235000000000000	0.976500000000000
0.0240000000000000	0.976000000000000
0.0245000000000000	0.975500000000000
0.0250000000000000	0.975000000000000
0.0255000000000000	0.974500000000000
0.0260000000000000	0.974000000000000
0.0265000000000000	0.973500000000000
0.0270000000000000	0.973000000000000
0.0275000000000000	0.972500000000000
0.0280000000000000	0.972000000000000
0.0285000000000000	0.971500000000000
0.0290000000000000	0.971000000000000
0.0295000000000000	0.970500000000000
0.0300000000000000	0.970000000000000
0.0305000000000000	0.969500000000000
0.0310000000000000	0.969000000000000
0.0315000000000000	0.968500000000000
0.0320000000000000	0.968000000000000
0.0325000000000000	0.967500000000000
0.0330000000000000	0.967000000000000
0.0335000000000000	0.966500000000000
0.0340000000000000	0.966000000000000
0.0345000000000000	0.965500000000000
0.0350000000000000	0.965000000000000
0.0355000000000000	0.964500000000000
0.0360000000000000	0.964000000000000
0.0365000000000000	0.963500000000000
0.0370000000000000	0.963000000000000
0.0375000000000000	0.962500000000000
0.0380000000000000	0.962000000000000
0.0385000000000000	0.961500000000000
0.0390000000000000	0.961000000000000
0.0395000000000000	0.960500000000000
0.0400000000000000	0.960000000000000
0.0405000000000000	0.959500000000000
0.0410000000000000	0.959000000000000
0.0415000000000000	0.958500000000000
0.0420000000000000	0.958000000000000
0.0425000000000000	0.957500000000000
0.0430000000000000	0.957000000000000
0.0435000000000000	0.956500000000000
0.0440000000000000	0.956000000000000
0.0445000000000000	0.955500000000000
0.0450000000000000	0.955000000000000
0.0455000000000000	0.954500000000000
0.0460000000000000	0.954000000000000
0.0465000000000000	0.953500000000000
0.0470000000000000	0.953000000000000
0.0475000000000000	0.952500000000000
0.0480000000000000	0.952000000000000
0.0485000000000000	0.951500000000000
0.0490000000000000	0.951000000000000
0.0495000000000000	0.950500000000000
0.0500000000000000	0.950000000000000
0.0505000000000000	0.949500000000000
0.0510000000000000	0.949000000000000
0.0515000000000000	0.948500000000000
0.0520000000000000	0.948000000000000
0.0525000000000000	0.947500000000000
0.0530000000000000	0.947000000000000
0.0535000000000000	0.946500000000000
0.0540000000000000	0.946000000000000
0.0545000000000000	0.945500000000000
0.0550000000000000	0.945000000000000
0.0555000000000000	0.944500000000000
0.0560000000000000	0.944000000000000
0.0565000000000000	0.943500000000000
0.0570000000000000	0.943000000000000
0.0575000000000000	0.942500000000000
0.0580000000000000	0.942000000000000
0.0585000000000000	0.941500000000000
0.0590000000000000	0.941000000000000
0.0595000000000000	0.940500000000000
0.0600000000000000	0.940000000000000
0.0605000000000000	0.939500000000000
0.0610000000000000	0.939000000000000
0.0615000000000000	0.938500000000000
0.0620000000000000	0.938000000000000
0.0625000000000000	0.937500000000000
0.0630000000000000	0.937000000000000
0.0635000000000000	0.936500000000000
0.0640000000000000	0.936000000000000
0.0645000000000000	0.935500000000000
0.0650000000000000	0.935000000000000
0.0655000000000000	0.934500000000000
0.0660000000000000	0.934000000000000
0.0665000000000000	0.933500000000000
0.0670000000000000	0.933000000000000
0.0675000000000000	0.932500000000000
0.0680000000000000	0.932000000000000
0.0685000000000000	0.931500000000000
0.0690000000000000	0.931000000000000
0.0695000000000000	0.930500000000000
0.0700000000000000	0.930000000000000
0.0705000000000000	0.929500000000000
0.0710000000000000	0.929000000000000
0.0715000000000000	0.928500000000000
0.0720000000000000	0.928000000000000
0.0725000000000000	0.927500000000000
0.0730000000000000	0.927000000000000
0.0735000000000000	0.926500000000000
0.0740000000000000	0.926000000000000
0.0745000000000000	0.925500000000000
0.0750000000000000	0.925000000000000
0.0755000000000000	0.924500000000000
0.0760000000000000	0.924000000000000
0.0765000000000000	0.923500000000000
0.0770000000000000	0.923000000000000
0.0775000000000000	0.922500000000000
0.0780000000000000	0.922000000000000
0.0785000000000000	0.921500000000000
0.0790000000000000	0.921000000000000
0.0795000000000000	0.920500000000000
0.0800000000000000	0.920000000000000
0.0805000000000000	0.919500000000000
0.0810000000000000	0.919000000000000
0.0815000000000000	0.918500000000000
0.0820000000000000	0.918000000000000
0.0825000000000000	0.917500000000000
0.0830000000000000	0.917000000000000
0.0835000000000000	0.916500000000000
0.0840000000000000	0.916000000000000
0.0845000000000000	0.915500000000000
0.0850000000000000	0.915000000000000
0.0855000000000000	0.914500000000000
0.0860000000000000	0.914000000000000
0.0865000000000000	0.913500000000000
0.0870000000000000	0.913000000000000
0.0875000000000000	0.912500000000000
0.0880000000000000	0.912000000000000
0.0885000000000000	0.911500000000000
0.0890000000000000	0.911000000000000
0.0895000000000000	0.910500000000000
0.0900000000000000	0.910000000000000
0.0905000000000000	0.909500000000000
0.0910000000000000	0.909000000000000
0.0915000000000000	0.908500000000000
0.0920000000000000	0.908000000000000
0.0925000000000000	0.907500000000000
0.0930000000000000	0.907000000000000
0.0935000000000000	0.906500000000000
0.0940000000000000	0.906000000000000
0.0945000000000000	0.905500000000000
0.0950000000000000	0.905000000000000
0.0955000000000000	0.904500000000000
0.0960000000000000	0.904000000000000
0.0965000000000000	0.903500000000000
0.0970000000000000	0.903000000000000
0.0975000000000000	0.902500000000000
0.0980000000000000	0.902000000000000
0.0985000000000000	0.901500000000000
0.0990000000000000	0.901000000000000
0.0995000000000000	0.900500000000000
0.100000000000000	0.900000000000000
0.100500000000000	0.899500000000000
0.101000000000000	0.899000000000000
0.101500000000000	0.898500000000000
0.102000000000000	0.898000000000000
0.102500000000000	0.897500000000000
0.103000000000000	0.897000000000000
0.103500000000000	0.896500000000000
0.104000000000000	0.896000000000000
0.104500000000000	0.895500000000000
0.105000000000000	0.895000000000000
0.105500000000000	0.894500000000000
0.106000000000000	0.894000000000000
0.106500000000000	0.893500000000000
0.107000000000000	0.893000000000000
0.107500000000000	0.892500000000000
0.108000000000000	0.892000000000000
0.108500000000000	0.891500000000000
0.109000000000000	0.891000000000000
0.109500000000000	0.890500000000000
0.110000000000000	0.890000000000000
0.110500000000000	0.889500000000000
0.111000000000000	0.889000000000000
0.111500000000000	0.888500000000000
0.112000000000000	0.888000000000000
0.112500000000000	0.887500000000000
0.113000000000000	0.887000000000000
0.113500000000000	0.886500000000000
0.114000000000000	0.886000000000000
0.114500000000000	0.885500000000000
0.115000000000000	0.885000000000000
0.115500000000000	0.884500000000000
0.116000000000000	0.884000000000000
0.116500000000000	0.883500000000000
0.117000000000000	0.883000000000000
0.117500000000000	0.882500000000000
0.118000000000000	0.882000000000000
0.118500000000000	0.881500000000000
0.119000000000000	0.881000000000000
0.119500000000000	0.880500000000000
0.120000000000000	0.880000000000000
0.120500000000000	0.879500000000000
0.121000000000000	0.879000000000000
0.121500000000000	0.878500000000000
0.122000000000000	0.878000000000000
0.122500000000000	0.877500000000000
0.123000000000000	0.877000000000000
0.123500000000000	0.876500000000000
0.124000000000000	0.876000000000000
0.124500000000000	0.875500000000000
0.125000000000000	0.875000000000000
0.125500000000000	0.874500000000000
0.126000000000000	0.874000000000000
0.126500000000000	0.873500000000000
0.127000000000000	0.873000000000000
0.127500000000000	0.872500000000000
0.128000000000000	0.872000000000000
0.128500000000000	0.871500000000000
0.129000000000000	0.871000000000000
0.129500000000000	0.870500000000000
0.130000000000000	0.870000000000000
0.130500000000000	0.869500000000000
0.131000000000000	0.869000000000000
0.131500000000000	0.868500000000000
0.132000000000000	0.868000000000000
0.132500000000000	0.867500000000000
0.133000000000000	0.867000000000000
0.133500000000000	0.866500000000000
0.134000000000000	0.866000000000000
0.134500000000000	0.865500000000000
0.135000000000000	0.865000000000000
0.135500000000000	0.864500000000000
0.136000000000000	0.864000000000000
0.136500000000000	0.863500000000000
0.137000000000000	0.863000000000000
0.137500000000000	0.862500000000000
0.138000000000000	0.862000000000000
0.138500000000000	0.861500000000000
0.139000000000000	0.861000000000000
0.139500000000000	0.860500000000000
0.140000000000000	0.860000000000000
0.140500000000000	0.859500000000000
0.141000000000000	0.859000000000000
0.141500000000000	0.858500000000000
0.142000000000000	0.858000000000000
0.142500000000000	0.857500000000000
0.143000000000000	0.857000000000000
0.143500000000000	0.856500000000000
0.144000000000000	0.856000000000000
0.144500000000000	0.855500000000000
0.145000000000000	0.855000000000000
0.145500000000000	0.854500000000000
0.146000000000000	0.854000000000000
0.146500000000000	0.853500000000000
0.147000000000000	0.853000000000000
0.147500000000000	0.852500000000000
0.148000000000000	0.852000000000000
0.148500000000000	0.851500000000000
0.149000000000000	0.851000000000000
0.149500000000000	0.850500000000000
0.150000000000000	0.850000000000000
0.150500000000000	0.849500000000000
0.151000000000000	0.849000000000000
0.151500000000000	0.848500000000000
0.152000000000000	0.848000000000000
0.152500000000000	0.847500000000000
0.153000000000000	0.847000000000000
0.153500000000000	0.846500000000000
0.154000000000000	0.846000000000000
0.154500000000000	0.845500000000000
0.155000000000000	0.845000000000000
0.155500000000000	0.844500000000000
0.156000000000000	0.844000000000000
0.156500000000000	0.843500000000000
0.157000000000000	0.843000000000000
0.157500000000000	0.842500000000000
0.158000000000000	0.842000000000000
0.158500000000000	0.841500000000000
0.159000000000000	0.841000000000000
0.159500000000000	0.840500000000000
0.160000000000000	0.840000000000000
0.160500000000000	0.839500000000000
0.161000000000000	0.839000000000000
0.161500000000000	0.838500000000000
0.162000000000000	0.838000000000000
0.162500000000000	0.837500000000000
0.163000000000000	0.837000000000000
0.163500000000000	0.836500000000000
0.164000000000000	0.836000000000000
0.164500000000000	0.835500000000000
0.165000000000000	0.835000000000000
0.165500000000000	0.834500000000000
0.166000000000000	0.834000000000000
0.166500000000000	0.833500000000000
0.167000000000000	0.833000000000000
0.167500000000000	0.832500000000000
0.168000000000000	0.832000000000000
0.168500000000000	0.831500000000000
0.169000000000000	0.831000000000000
0.169500000000000	0.830500000000000
0.170000000000000	0.830000000000000
0.170500000000000	0.829500000000000
0.171000000000000	0.829000000000000
0.171500000000000	0.828500000000000
0.172000000000000	0.828000000000000
0.172500000000000	0.827500000000000
0.173000000000000	0.827000000000000
0.173500000000000	0.826500000000000
0.174000000000000	0.826000000000000
0.174500000000000	0.825500000000000
0.175000000000000	0.825000000000000
0.175500000000000	0.824500000000000
0.176000000000000	0.824000000000000
0.176500000000000	0.823500000000000
0.177000000000000	0.823000000000000
0.177500000000000	0.822500000000000
0.178000000000000	0.822000000000000
0.178500000000000	0.821500000000000
0.179000000000000	0.821000000000000
0.179500000000000	0.820500000000000
0.180000000000000	0.820000000000000
0.180500000000000	0.819500000000000
0.181000000000000	0.819000000000000
0.181500000000000	0.818500000000000
0.182000000000000	0.818000000000000
0.182500000000000	0.817500000000000
0.183000000000000	0.817000000000000
0.183500000000000	0.816500000000000
0.184000000000000	0.816000000000000
0.184500000000000	0.815500000000000
0.185000000000000	0.815000000000000
0.185500000000000	0.814500000000000
0.186000000000000	0.814000000000000
0.186500000000000	0.813500000000000
0.187000000000000	0.813000000000000
0.187500000000000	0.812500000000000
0.188000000000000	0.812000000000000
0.188500000000000	0.811500000000000
0.189000000000000	0.811000000000000
0.189500000000000	0.810500000000000
0.190000000000000	0.810000000000000
0.190500000000000	0.809500000000000
0.191000000000000	0.809000000000000
0.191500000000000	0.808500000000000
0.192000000000000	0.808000000000000
0.192500000000000	0.807500000000000
0.193000000000000	0.807000000000000
0.193500000000000	0.806500000000000
0.194000000000000	0.806000000000000
0.194500000000000	0.805500000000000
0.195000000000000	0.805000000000000
0.195500000000000	0.804500000000000
0.196000000000000	0.804000000000000
0.196500000000000	0.803500000000000
0.197000000000000	0.803000000000000
0.197500000000000	0.802500000000000
0.198000000000000	0.802000000000000
0.198500000000000	0.801500000000000
0.199000000000000	0.801000000000000
0.199500000000000	0.800500000000000
0.200000000000000	0.800000000000000
0.200500000000000	0.799500000000000
0.201000000000000	0.799000000000000
0.201500000000000	0.798500000000000
0.202000000000000	0.798000000000000
0.202500000000000	0.797500000000000
0.203000000000000	0.797000000000000
0.203500000000000	0.796500000000000
0.204000000000000	0.796000000000000
0.204500000000000	0.795500000000000
0.205000000000000	0.795000000000000
0.205500000000000	0.794500000000000
0.206000000000000	0.794000000000000
0.206500000000000	0.793500000000000
0.207000000000000	0.793000000000000
0.207500000000000	0.792500000000000
0.208000000000000	0.792000000000000
0.208500000000000	0.791500000000000
0.209000000000000	0.791000000000000
0.209500000000000	0.790500000000000
0.210000000000000	0.790000000000000
0.210500000000000	0.789500000000000
0.211000000000000	0.789000000000000
0.211500000000000	0.788500000000000
0.212000000000000	0.788000000000000
0.212500000000000	0.787500000000000
0.213000000000000	0.787000000000000
0.213500000000000	0.786500000000000
0.214000000000000	0.786000000000000
0.214500000000000	0.785500000000000
0.215000000000000	0.785000000000000
0.215500000000000	0.784500000000000
0.216000000000000	0.784000000000000
0.216500000000000	0.783500000000000
0.217000000000000	0.783000000000000
0.217500000000000	0.782500000000000
0.218000000000000	0.782000000000000
0.218500000000000	0.781500000000000
0.219000000000000	0.781000000000000
0.219500000000000	0.780500000000000
0.220000000000000	0.780000000000000
0.220500000000000	0.779500000000000
0.221000000000000	0.779000000000000
0.221500000000000	0.778500000000000
0.222000000000000	0.778000000000000
0.222500000000000	0.777500000000000
0.223000000000000	0.777000000000000
0.223500000000000	0.776500000000000
0.224000000000000	0.776000000000000
0.224500000000000	0.775500000000000
0.225000000000000	0.775000000000000
0.225500000000000	0.774500000000000
0.226000000000000	0.774000000000000
0.226500000000000	0.773500000000000
0.227000000000000	0.773000000000000
0.227500000000000	0.772500000000000
0.228000000000000	0.772000000000000
0.228500000000000	0.771500000000000
0.229000000000000	0.771000000000000
0.229500000000000	0.770500000000000
0.230000000000000	0.770000000000000
0.230500000000000	0.769500000000000
0.231000000000000	0.769000000000000
0.231500000000000	0.768500000000000
0.232000000000000	0.768000000000000
0.232500000000000	0.767500000000000
0.233000000000000	0.767000000000000
0.233500000000000	0.766500000000000
0.234000000000000	0.766000000000000
0.234500000000000	0.765500000000000
0.235000000000000	0.765000000000000
0.235500000000000	0.764500000000000
0.236000000000000	0.764000000000000
0.236500000000000	0.763500000000000
0.237000000000000	0.763000000000000
0.237500000000000	0.762500000000000
0.238000000000000	0.762000000000000
0.238500000000000	0.761500000000000
0.239000000000000	0.761000000000000
0.239500000000000	0.760500000000000
0.240000000000000	0.760000000000000
0.240500000000000	0.759500000000000
0.241000000000000	0.759000000000000
0.241500000000000	0.758500000000000
0.242000000000000	0.758000000000000
0.242500000000000	0.757500000000000
0.243000000000000	0.757000000000000
0.243500000000000	0.756500000000000
0.244000000000000	0.756000000000000
0.244500000000000	0.755500000000000
0.245000000000000	0.755000000000000
0.245500000000000	0.754500000000000
0.246000000000000	0.754000000000000
0.246500000000000	0.753500000000000
0.247000000000000	0.753000000000000
0.247500000000000	0.752500000000000
0.248000000000000	0.752000000000000
0.248500000000000	0.751500000000000
0.249000000000000	0.751000000000000
0.249500000000000	0.750500000000000
0.250000000000000	0.750000000000000
0.750001000000000	0.249999000000000
0.752001000000000	0.247999000000000
0.754001000000000	0.245999000000000
0.756001000000000	0.243999000000000
0.758001000000000	0.241999000000000
0.760001000000000	0.239999000000000
0.762001000000000	0.237999000000000
0.764001000000000	0.235999000000000
0.766001000000000	0.233999000000000
0.768001000000000	0.231999000000000
0.770001000000000	0.229999000000000
0.772001000000000	0.227999000000000
0.774001000000000	0.225999000000000
0.776001000000000	0.223999000000000
0.778001000000000	0.221999000000000
0.780001000000000	0.219999000000000
0.782001000000000	0.217999000000000
0.784001000000000	0.215999000000000
0.786001000000000	0.213999000000000
0.788001000000000	0.211999000000000
0.790001000000000	0.209999000000000
0.792001000000000	0.207999000000000
0.794001000000000	0.205999000000000
0.796001000000000	0.203999000000000
0.798001000000000	0.201999000000000
0.800001000000000	0.199999000000000
0.802001000000000	0.197999000000000
0.804001000000000	0.195999000000000
0.806001000000000	0.193999000000000
0.808001000000000	0.191999000000000
0.810001000000000	0.189999000000000
0.812001000000000	0.187999000000000
0.814001000000000	0.185999000000000
0.816001000000000	0.183999000000000
0.818001000000000	0.181999000000000
0.820001000000000	0.179999000000000
0.822001000000000	0.177999000000000
0.824001000000000	0.175999000000000
0.826001000000000	0.173999000000000
0.828001000000000	0.171999000000000
0.830001000000000	0.169999000000000
0.832001000000000	0.167999000000000
0.834001000000000	0.165999000000000
0.836001000000000	0.163999000000000
0.838001000000000	0.161999000000000
0.840001000000000	0.159999000000000
0.842001000000000	0.157999000000000
0.844001000000000	0.155999000000000
0.846001000000000	0.153999000000000
0.848001000000000	0.151999000000000
0.850001000000000	0.149999000000000
0.852001000000000	0.147999000000000
0.854001000000000	0.145999000000000
0.856001000000000	0.143999000000000
0.858001000000000	0.141999000000000
0.860001000000000	0.139999000000000
0.862001000000000	0.137999000000000
0.864001000000000	0.135999000000000
0.866001000000000	0.133999000000000
0.868001000000000	0.131999000000000
0.870001000000000	0.129999000000000
0.872001000000000	0.127999000000000
0.874001000000000	0.125999000000000
0.876001000000000	0.123999000000000
0.878001000000000	0.121999000000000
0.880001000000000	0.119999000000000
0.882001000000000	0.117999000000000
0.884001000000000	0.115999000000000
0.886001000000000	0.113999000000000
0.888001000000000	0.111999000000000
0.890001000000000	0.109999000000000
0.892001000000000	0.107999000000000
0.894001000000000	0.105999000000000
0.896001000000000	0.103999000000000
0.898001000000000	0.101999000000000
0.900001000000000	0.0999990000000000
0.902001000000000	0.0979990000000000
0.904001000000000	0.0959990000000000
0.906001000000000	0.0939989999999999
0.908001000000000	0.0919989999999999
0.910001000000000	0.0899989999999999
0.912001000000000	0.0879989999999999
0.914001000000000	0.0859989999999999
0.916001000000000	0.0839989999999999
0.918001000000000	0.0819989999999999
0.920001000000000	0.0799989999999999
0.922001000000000	0.0779989999999999
0.924001000000000	0.0759989999999999
0.926001000000000	0.0739989999999999
0.928001000000000	0.0719989999999999
0.930001000000000	0.0699989999999999
0.932001000000000	0.0679989999999999
0.934001000000000	0.0659989999999999
0.936001000000000	0.0639989999999999
0.938001000000000	0.0619989999999999
0.940001000000000	0.0599989999999999
0.942001000000000	0.0579990000000001
0.944001000000000	0.0559989999999999
0.946001000000000	0.0539990000000001
0.948001000000000	0.0519989999999999
0.950001000000000	0.0499990000000001
0.952001000000000	0.0479989999999999
0.954001000000000	0.0459990000000001
0.956001000000000	0.0439989999999999
0.958001000000000	0.0419990000000001
0.960001000000000	0.0399989999999999
0.962001000000000	0.0379990000000001
0.964001000000000	0.0359989999999999
0.966001000000000	0.0339990000000001
0.968001000000000	0.0319989999999999
0.970001000000000	0.0299990000000001
0.972001000000000	0.0279989999999999
0.974001000000000	0.0259990000000001
0.976001000000000	0.0239989999999999
0.978001000000000	0.0219990000000001
0.980001000000000	0.0199989999999999
0.982001000000000	0.0179990000000001
0.984001000000000	0.0159989999999999
0.986001000000000	0.0139990000000001
0.988001000000000	0.0119989999999999
0.990001000000000	0.00999900000000009
0.992001000000000	0.00799899999999987
0.994001000000000	0.00599900000000009
0.996001000000000	0.00399899999999986
0.998001000000000	0.00199900000000008
