0.171621 -0.382999 -0.113221 -0.00431263 0.472488 -0.0978894 -1.10932 -0.00762633 0.121891 -0.413487 
0.576093 -0.0853306 0.236789 0.803525 -0.028822 -0.161333 0.430329 -0.325431 -0.891768 -0.311823 
-0.169589 0.329427 0.38357 0.200142 -0.112736 -0.300999 0.156284 -1.13977 0.187323 -0.538164 
-0.911041 -0.227082 -0.54944 -0.405532 -0.0146383 -0.0518476 0.293667 -0.0144621 -0.56186 -0.451629 
0.00965393 -0.191234 0.331743 -0.0108294 -0.50519 0.925875 -0.170163 0.0150125 -0.0905939 -0.400143 
0.207062 -0.470056 0.110035 -0.703559 -1.04157 -0.440111 -0.239273 0.231249 -0.223421 -0.157111 
0.130863 -0.879737 0.0118113 -0.264562 0.219167 0.233682 -0.363855 -0.845951 -0.0879617 0.647471 
0.446557 -0.00831885 -0.392607 -1.11184 0.0889722 0.361547 0.889437 0.0323721 -0.233191 -0.455413 
-0.212261 0.416412 0.828566 -0.254368 0.403869 0.0685524 -0.178849 -0.149695 -0.581274 0.216798 
0.341044 0.652138 -0.67363 0.00913871 -0.339206 0.396239 -0.643633 -0.253519 -0.176953 0.0642495 
0.434789 -0.540687 0.325686 -0.281803 -0.240187 0.138777 0.0889492 0.77543 0.278506 0.658983 
0.138777 -0.286566 -0.110284 -0.431137 -0.0743527 0.353903 0.5405 -0.275493 1.15971 -0.147914 
0.175609 -0.537051 -0.340013 -0.487811 -0.515907 -0.611854 -0.00143403 -0.598455 -0.345083 0.511578 
1.08102 0.0880142 -0.820796 0.479486 0.553512 -0.475315 0.128054 -0.106294 0.0834246 0.0950224 
0.320513 0.705256 0.880401 -0.0905939 -0.142272 0.461028 0.546702 -0.157796 -0.423933 0.535659 
-0.0753528 -0.20789 -0.774711 0.0547886 0.185057 1.1042 -0.10164 -0.152432 -0.274851 0.656596 
-0.356476 0.73229 -0.199308 -0.693001 0.762434 -0.292307 -0.158836 -0.0026907 0.370102 0.558459 
-0.0288261 -0.299752 0.821298 0.160079 0.409639 0.373842 -0.499454 -0.601924 -0.0836101 0.379767 
-0.651119 -0.501182 0.229538 0.334713 0.698374 -0.145148 0.846644 0.240485 -0.0802343 0.536194 
-0.440198 0.702691 0.0367453 0.484627 -0.509912 -0.0316501 -0.287264 0.105072 0.508836 0.673744 
0.0521555 1.02363 0.437924 -0.179314 -0.0486718 0.0482506 -0.1772 -0.0746468 -0.322975 0.108924 
-0.513604 0.0583165 0.410785 -0.312058 -0.104337 -0.163717 0.555331 0.483435 0.446515 0.221296 
-0.186658 -0.0176744 -0.417777 -0.625822 0.179235 1.25981 0.373879 -0.152113 0.121519 0.354215 
0.723185 -0.302647 0.998855 -0.0671545 -0.413087 0.346543 0.150399 -0.512677 -0.273834 -0.334117 
-0.148674 0.164147 -0.276747 -0.472456 -0.101017 -0.728428 0.618056 -0.428786 -0.0385895 -0.557772 
0.407607 0.0633096 -0.492932 -0.136459 0.282056 -0.10132 0.226274 1.10492 -0.0632892 -0.446886 
-0.252811 0.0795876 0.0365864 -0.035712 0.134631 -0.00753083 -0.473682 -0.132025 0.841469 -0.79594 
0.0316265 0.35691 -0.0552609 0.521918 -1.08941 0.24683 0.0904349 -0.112774 -0.133044 -0.046733 
0.410453 0.408175 0.342262 0.773951 0.150767 0.319978 0.79318 -0.354225 0.205983 0.0930081 
0.788075 0.0481216 -0.294495 -0.287254 -0.384816 -0.221981 -0.118732 -0.129311 0.599062 0.446815 
