0.173041 -0.247838 -0.0569577 -0.0494074 0.427998 -0.11211 -0.678861 0.0522624 0.0419998 -0.491781 
0.416898 -0.138882 0.0589763 0.51713 -0.00299045 -0.114809 0.224573 -0.124926 -0.646497 -0.197024 
-0.12045 0.227361 0.218701 0.0245634 -0.120486 -0.218888 0.0792874 -0.765274 0.252555 -0.408928 
-0.719598 -0.162714 -0.400877 -0.129893 0.0054142 -0.0310553 0.0881309 -0.0423333 -0.444793 -0.264073 
-0.0755664 -0.176649 0.305287 0.0792402 -0.346672 0.791655 -0.0969079 0.0406734 -0.000991696 -0.325054 
0.147698 -0.235166 0.14814 -0.408583 -0.695886 -0.410872 -0.193 0.116992 -0.164915 -0.0528214 
0.0658464 -0.575781 -0.0487133 -0.158471 0.107502 0.176435 -0.126024 -0.571827 -0.0808729 0.49453 
0.406589 0.0313994 -0.178764 -0.648456 0.202703 0.205108 0.454618 -0.0338307 -0.0629311 -0.293782 
-0.150061 0.367207 0.606408 -0.305978 0.280277 0.0361544 -0.187939 -0.0303103 -0.484988 0.173123 
0.210308 0.535967 -0.517242 -0.0144769 -0.258115 0.235233 -0.412481 -0.22324 -0.213872 0.114396 
0.351491 -0.354404 0.211903 -0.212807 -0.126219 0.0523014 -0.0823732 0.650573 0.172952 0.426676 
0.0842774 -0.151922 -0.0380152 -0.228418 -0.0679298 0.243124 0.392438 -0.306586 0.76975 -0.109343 
0.0396144 -0.31553 -0.190056 -0.32309 -0.386301 -0.430682 0.0482318 -0.4673 -0.225223 0.390163 
0.691973 0.0863217 -0.364713 0.387182 0.346781 -0.265817 0.084525 -0.0899506 0.0918797 0.127294 
0.292402 0.486793 0.443137 -0.0922508 -0.11566 0.250863 0.469376 -0.146522 -0.290973 0.264378 
-0.0722312 -0.102424 -0.531256 0.0108409 0.0738833 0.722586 -0.0596588 -0.0687204 -0.203866 0.352859 
-0.186529 0.430056 -0.111012 -0.560799 0.514054 -0.193133 -0.157604 0.0344236 0.177469 0.307195 
0.06273 -0.266222 0.533033 0.162131 0.333147 0.157071 -0.457942 -0.466399 0.073162 0.21571 
-0.434158 -0.316388 0.0935283 0.285146 0.38849 -0.165132 0.583664 0.106387 -0.0521811 0.297409 
-0.266492 0.375399 -0.0267818 0.466394 -0.406165 -0.0877901 -0.175073 0.00874577 0.390651 0.462389 
0.0472527 0.863609 0.296249 -0.247277 0.0505427 0.0207072 -0.207506 -0.00160687 -0.228312 0.0697571 
-0.389508 0.00117584 0.445904 -0.236083 -0.181364 -0.124827 0.417498 0.41555 0.38994 0.214945 
-0.106473 0.0216462 -0.289969 -0.437192 0.0699985 0.786132 0.234948 -0.129567 0.066908 0.116654 
0.456899 -0.292174 0.637105 -0.201469 -0.229553 0.217223 0.0876836 -0.177378 -0.16802 -0.303517 
-0.0870167 0.12963 -0.257908 -0.3656 -0.0814096 -0.453307 0.496518 -0.39212 -0.0939834 -0.392694 
0.388429 0.0921646 -0.253874 -0.0736699 0.116307 0.0390176 0.182605 0.751174 -0.0814851 -0.389169 
-0.150978 0.12537 0.0574272 0.00568106 0.0704178 0.115156 -0.3427 -0.0959781 0.662609 -0.611745 
-0.0975828 0.210859 -0.17304 0.337428 -0.860779 0.196136 0.051488 0.0415865 -0.0682905 -0.117314 
0.25758 0.280959 0.125434 0.578591 0.272808 0.144174 0.556661 -0.205211 0.234659 0.0442226 
0.607325 0.062676 -0.208516 -0.252281 -0.257838 -0.198178 -0.0995299 -0.0893898 0.498861 0.384175 
