0.173041 -0.247838 -0.0569577 -0.0494074 0.427998 -0.11211 -0.678861 0.0522624 0.0419998 -0.491781 
0.416898 -0.138882 0.0589763 0.51713 -0.00299045 -0.114809 0.224573 -0.124926 -0.646497 -0.197024 
-0.12045 0.227361 0.218701 0.0245634 -0.120486 -0.218888 0.0792874 -0.765274 0.252555 -0.408928 
-0.719598 -0.162714 -0.400877 -0.129893 0.0054142 -0.0310553 0.0881309 -0.0423333 -0.444793 -0.264073 
-0.0755664 -0.176649 0.305287 0.0792402 -0.346672 0.791655 -0.0969079 0.0406734 -0.000991696 -0.325054 
0.147698 -0.235166 0.14814 -0.408583 -0.695886 -0.410872 -0.193 0.116992 -0.164915 -0.0528214 
0.0658464 -0.575781 -0.0487133 -0.158471 0.107502 0.176435 -0.126024 -0.571827 -0.0808729 0.49453 
0.406589 0.0313994 -0.178764 -0.648456 0.202703 0.205108 0.454618 -0.0338307 -0.0629311 -0.293782 
-0.150061 0.367207 0.606408 -0.305978 0.280277 0.0361544 -0.187939 -0.0303103 -0.484988 0.173123 
0.210308 0.535967 -0.517242 -0.0144769 -0.258115 0.235233 -0.412481 -0.22324 -0.213872 0.114396 
0.351491 -0.354404 0.211903 -0.212807 -0.126219 0.0523014 -0.0823732 0.650573 0.172952 0.426676 
0.0842774 -0.151922 -0.0380152 -0.228418 -0.0679298 0.243124 0.392438 -0.306586 0.76975 -0.109343 
0.0396144 -0.31553 -0.190056 -0.32309 -0.386301 -0.430682 0.0482318 -0.4673 -0.225223 0.390163 
0.691973 0.0863217 -0.364713 0.387182 0.346781 -0.265817 0.084525 -0.0899506 0.0918797 0.127294 
0.292402 0.486793 0.443137 -0.0922508 -0.11566 0.250863 0.469376 -0.146522 -0.290973 0.264378 
-0.0722312 -0.102424 -0.531256 0.0108409 0.0738833 0.722586 -0.0596588 -0.0687204 -0.203866 0.352859 
-0.186529 0.430056 -0.111012 -0.560799 0.514054 -0.193133 -0.157604 0.0344236 0.177469 0.307195 
0.06273 -0.266222 0.533033 0.162131 0.333147 0.157071 -0.457942 -0.466399 0.073162 0.21571 
-0.434158 -0.316388 0.0935283 0.285146 0.38849 -0.165132 0.583664 0.106387 -0.0521811 0.297409 
-0.266492 0.375399 -0.0267818 0.466394 -0.406165 -0.0877901 -0.175073 0.00874577 0.390651 0.462389 
0.0472527 0.863609 0.296249 -0.247277 0.0505427 0.0207072 -0.207506 -0.00160687 -0.228312 0.0697571 
-0.389508 0.00117584 0.445904 -0.236083 -0.181364 -0.124827 0.417498 0.41555 0.38994 0.214945 
-0.106473 0.0216462 -0.289969 -0.437192 0.0699985 0.786132 0.234948 -0.129567 0.066908 0.116654 
0.456899 -0.292174 0.637105 -0.201469 -0.229553 0.217223 0.0876836 -0.177378 -0.16802 -0.303517 
-0.0870167 0.12963 -0.257908 -0.3656 -0.0814096 -0.453307 0.496518 -0.39212 -0.0939834 -0.392694 
0.388429 0.0921646 -0.253874 -0.0736699 0.116307 0.0390176 0.182605 0.751174 -0.0814851 -0.389169 
-0.150978 0.12537 0.0574272 0.00568106 0.0704178 0.115156 -0.3427 -0.0959781 0.662609 -0.611745 
-0.0975828 0.210859 -0.17304 0.337428 -0.860779 0.196136 0.051488 0.0415865 -0.0682905 -0.117314 
0.25758 0.280959 0.125434 0.578591 0.272808 0.144174 0.556661 -0.205211 0.234659 0.0442226 
0.607325 0.062676 -0.208516 -0.252281 -0.257838 -0.198178 -0.0995299 -0.0893898 0.498861 0.384175 
0.184373 0.272109 0.0436563 -0.441792 -0.493933 -0.117516 -0.624158 0.0322435 -0.203914 0.0700307 
0.111085 -0.125044 -0.795588 -0.185907 -0.101183 -0.0587469 0.299534 0.0145476 -0.400396 0.201403 
0.120456 0.656579 0.0485445 -0.095254 0.0864522 0.198677 0.272143 -0.582055 0.0504105 0.283949 
0.364489 0.354308 -0.233439 0.295379 -0.335211 0.299065 0.126242 0.454443 0.369766 -0.197185 
0.383304 -0.392664 0.227571 0.412759 -0.28391 0.236383 -0.0519877 -0.146495 -0.149371 0.542013 
0.221223 -0.243706 0.284909 -0.525977 -0.0470158 0.542784 0.310905 0.0295891 -0.182433 -0.32588 
0.183714 -0.111947 0.144197 -0.440448 0.0370399 -0.344621 0.26903 0.282461 0.493974 0.471829 
-0.200767 0.279169 0.116289 -0.00255346 0.377509 0.31808 -0.093524 0.568783 -0.362284 0.401284 
-0.730635 -0.0347616 0.0175242 -0.0487666 -0.569538 0.224242 0.188169 -0.000527742 0.138981 0.181373 
-0.0505724 -0.220085 -0.375097 -0.174743 0.273638 0.482816 -0.463477 -0.166758 0.456798 0.136012 
-0.14886 0.137696 0.320101 0.0743456 -0.124204 -0.249241 -0.305928 0.791471 0.230771 0.00825527 
-0.54565 -0.149266 0.176326 -0.35768 -0.0541759 -0.27548 -0.343167 -0.379197 0.140989 -0.400879 
-0.175945 -0.208376 -0.333966 -0.255885 -0.546247 -0.00659189 0.0421684 0.269591 -0.61225 -0.0295962 
0.321558 -0.0843541 0.149795 -0.379348 0.401377 -0.0434035 -0.553399 -0.00149771 -0.398202 0.308766 
0.471209 -0.688182 -0.143712 0.238017 -0.169362 -0.249141 -0.205122 -0.003853 0.225736 -0.207992 
0.0969185 0.100342 -0.203265 -0.420735 -0.331493 -0.298144 0.068101 -0.132036 0.441792 0.588366 
-0.033773 0.200985 0.0882304 0.445706 -0.023334 -0.7341 0.0590838 -0.225458 -0.367009 0.153494 
-0.0771381 -0.0521967 -0.493302 -0.246052 0.578552 -0.373363 0.293829 0.289439 0.0570371 -0.199879 
0.503567 0.225735 0.408446 -0.397881 -0.168109 -0.173816 0.350112 0.00888714 -0.0774702 -0.428013 
0.231622 0.574878 -0.502538 0.077341 -0.141602 0.0242099 -0.470636 -0.070486 0.0580058 -0.326914 
0.0571107 0.0979632 0.250615 -0.351666 -0.231123 0.2968 0.453631 0.522361 -0.205362 -0.371942 
0.00339092 0.0188144 0.0330464 0.104493 -0.318847 -0.0293084 -0.247785 0.618146 0.557349 0.361886 
-0.339389 -0.548397 0.172585 -0.148451 -0.131249 0.0105763 0.379203 -0.297468 0.52324 -0.0940872 
-0.436525 0.581763 -0.358583 -0.0161861 -0.185424 -0.424884 0.280813 -0.0384469 0.148656 -0.15752 
-0.6368 -0.112723 0.169279 0.0192146 -0.0889297 0.0728218 -0.589042 0.107763 -0.18599 -0.382581 
0.524581 -0.0502453 -0.160174 -0.102237 -0.335748 -0.19308 -0.296235 -0.151126 0.251651 -0.601875 
0.00752151 -0.112147 -0.157318 0.311534 0.697239 -0.0634528 0.113009 0.365521 0.257118 -0.403621 
0.0698186 0.462624 0.685741 0.400246 0.0172645 0.130681 0.0236145 -0.237785 0.243563 -0.129882 
0.0519241 -0.327216 0.198717 0.513364 -0.285821 -0.555869 0.210242 0.157051 -0.35662 -0.0217697 
-0.0515935 -0.0443006 -0.434677 0.55812 -0.32333 0.59811 0.133843 -0.0761887 -0.0279232 -0.0903231 
-0.355027 -0.186369 -0.143711 0.189009 0.686221 -0.358105 -0.219522 0.231733 -0.262131 0.114477 
-0.121717 -0.0594467 -0.219587 0.592979 -0.0235224 -0.273743 0.488471 -0.324783 0.398075 0.06138 
-0.151704 -0.556181 0.454986 -0.445291 -0.0376132 -0.307051 0.305294 -0.189823 0.012217 0.193056 
0.74547 0.107205 0.418545 0.248036 0.221348 -0.303835 -0.130892 -0.0679795 -0.0133011 0.181213 
-0.169642 -0.0436175 0.418069 0.378902 0.149394 0.628975 0.232744 -0.0973804 -0.349414 0.217482 
-0.295364 -0.137389 0.327438 0.411539 -0.553542 -0.234996 -0.490577 0.0877916 -0.053695 -0.0664622 
-0.171269 -0.0097834 0.277518 -0.0542473 0.321227 0.272167 -0.338917 -0.0346429 0.772815 0.00651184 
-0.312466 0.682384 0.416586 -0.102049 0.0860289 -0.280289 0.284569 0.102724 -0.0227099 -0.273403 
0.1872 -0.349064 0.119416 0.159692 0.0227797 0.0764937 0.306722 0.679828 0.137942 -0.470856 
0.048692 -0.180373 0.0460361 0.0324975 0.195716 0.0301537 -0.134574 -0.555925 -0.175318 -0.751536 
0.166337 -0.21587 0.209532 0.424542 -0.274389 0.41987 -0.211506 -0.234232 0.234814 -0.543393 
-0.221668 -0.250303 0.0662634 0.726486 -0.148257 -0.438509 -0.0907401 0.172833 0.000908394 0.321968 
-0.127184 0.555274 -0.0920156 0.412266 0.531102 0.338991 -0.0314841 -0.0885316 0.24477 0.177029 
-0.109629 0.312318 -0.121608 0.046484 -0.0341129 -0.0775872 -0.658273 0.0267813 -0.615148 -0.232075 
0.178326 0.313127 -0.0330417 0.291449 -0.250641 0.127476 0.637588 0.252544 -0.449423 -0.181021 
0.749213 0.121304 -0.313514 0.10948 0.156241 -0.445449 -0.101251 0.060125 0.220395 -0.16856 
0.115112 -0.282455 -0.0737465 0.13381 0.308726 -0.0730016 0.198808 -0.748888 -0.420738 0.074871 
0.120156 0.0824847 0.856151 -0.0300022 0.378728 -0.228827 0.0177117 0.119733 -0.0973559 -0.157923 
0.39774 0.287856 0.296936 -0.0385587 -0.450651 0.138565 -0.174307 -0.254776 -0.0269074 0.592435 
0.340582 -0.450187 -0.0496327 0.0513616 0.30072 0.467888 -0.160393 0.446358 -0.262229 0.270474 
-0.629074 -0.139889 -0.182801 -0.106297 -0.182332 -0.390691 0.542899 -0.144125 -0.0724058 0.182605 
0.0804528 -0.327303 -0.0589168 0.0473649 0.644747 -0.171108 0.323093 0.375654 -0.0894418 -0.426853 
0.069103 0.423555 -0.662012 0.130372 0.119287 0.386501 0.34169 -0.0593882 0.27506 -0.0319316 
0.317679 -0.14043 0.46775 0.418577 -0.0582962 0.132908 0.553781 -0.075801 0.234206 0.311492 
-0.157622 0.456049 0.0534939 0.38366 0.371382 -0.455318 -0.229055 0.219263 0.140081 0.389504 
0.146696 0.600989 0.300743 -0.0633444 -0.0388964 -0.260616 0.251977 -0.317449 -0.261475 -0.469856 
-0.175268 -0.1808 -0.12399 0.625573 0.153099 0.172932 -0.158101 -0.454543 -0.490905 -0.0627705 
-0.0488002 0.222257 0.12875 -0.275282 0.187638 0.383224 0.180216 0.279997 -0.62467 0.415578 
-0.624212 0.107867 0.425145 -0.0268851 0.219942 0.441123 -0.0483941 -0.0282351 0.337758 -0.238892 
0.151633 -0.106273 0.00754451 -0.418571 0.535695 -0.0666699 -0.0408808 -0.627841 0.151571 0.283217 
0.376032 0.0317 0.459821 -0.256105 0.398401 0.366204 0.112776 -0.330041 0.0496595 -0.404511 
-0.126551 0.100112 -0.21863 -0.79249 -0.364254 -0.116073 -0.218557 -0.205104 -0.103606 -0.226717 
-0.0483783 -0.496936 -0.329682 0.184833 -0.114362 0.0923224 -0.0274305 -0.549069 0.523448 -0.100154 
-0.415057 0.0160879 -0.0191913 -0.316237 0.040522 0.507048 0.519801 0.0577775 0.162296 0.410468 
0.36466 0.00479732 0.503498 -0.11654 -0.433283 -0.161885 -0.0666327 -0.111141 0.310293 0.522392 
0.0993965 0.205833 -0.216922 -0.256618 0.545692 -0.514514 0.11391 0.0868836 0.488017 0.116857 
0.057618 -0.664811 0.0757254 -0.192924 0.188217 -0.349967 0.287603 -0.110683 -0.471669 0.190819 
0.0621359 -0.502822 0.0652074 -0.226514 0.0665147 0.222599 -0.371773 0.645548 0.2642 -0.0949972 
0.577189 0.00290535 -0.355687 -0.00937234 -0.338738 0.0508397 0.550027 0.271637 0.0251512 -0.214399 
0.42987 0.0675751 -0.441183 -0.0644293 0.231878 0.34822 -0.35734 -0.146694 -0.243132 0.47802 
