0.171621 -0.382999 -0.113221 -0.00431263 0.472488 -0.0978894 -1.10932 -0.00762633 0.121891 -0.413487 
0.576093 -0.0853306 0.236789 0.803525 -0.028822 -0.161333 0.430329 -0.325431 -0.891768 -0.311823 
-0.169589 0.329427 0.38357 0.200142 -0.112736 -0.300999 0.156284 -1.13977 0.187323 -0.538164 
-0.911041 -0.227082 -0.54944 -0.405532 -0.0146383 -0.0518476 0.293667 -0.0144621 -0.56186 -0.451629 
0.00965393 -0.191234 0.331743 -0.0108294 -0.50519 0.925875 -0.170163 0.0150125 -0.0905939 -0.400143 
0.207062 -0.470056 0.110035 -0.703559 -1.04157 -0.440111 -0.239273 0.231249 -0.223421 -0.157111 
0.130863 -0.879737 0.0118113 -0.264562 0.219167 0.233682 -0.363855 -0.845951 -0.0879617 0.647471 
0.446557 -0.00831885 -0.392607 -1.11184 0.0889722 0.361547 0.889437 0.0323721 -0.233191 -0.455413 
-0.212261 0.416412 0.828566 -0.254368 0.403869 0.0685524 -0.178849 -0.149695 -0.581274 0.216798 
0.341044 0.652138 -0.67363 0.00913871 -0.339206 0.396239 -0.643633 -0.253519 -0.176953 0.0642495 
0.434789 -0.540687 0.325686 -0.281803 -0.240187 0.138777 0.0889492 0.77543 0.278506 0.658983 
0.138777 -0.286566 -0.110284 -0.431137 -0.0743527 0.353903 0.5405 -0.275493 1.15971 -0.147914 
0.175609 -0.537051 -0.340013 -0.487811 -0.515907 -0.611854 -0.00143403 -0.598455 -0.345083 0.511578 
1.08102 0.0880142 -0.820796 0.479486 0.553512 -0.475315 0.128054 -0.106294 0.0834246 0.0950224 
0.320513 0.705256 0.880401 -0.0905939 -0.142272 0.461028 0.546702 -0.157796 -0.423933 0.535659 
-0.0753528 -0.20789 -0.774711 0.0547886 0.185057 1.1042 -0.10164 -0.152432 -0.274851 0.656596 
-0.356476 0.73229 -0.199308 -0.693001 0.762434 -0.292307 -0.158836 -0.0026907 0.370102 0.558459 
-0.0288261 -0.299752 0.821298 0.160079 0.409639 0.373842 -0.499454 -0.601924 -0.0836101 0.379767 
-0.651119 -0.501182 0.229538 0.334713 0.698374 -0.145148 0.846644 0.240485 -0.0802343 0.536194 
-0.440198 0.702691 0.0367453 0.484627 -0.509912 -0.0316501 -0.287264 0.105072 0.508836 0.673744 
0.0521555 1.02363 0.437924 -0.179314 -0.0486718 0.0482506 -0.1772 -0.0746468 -0.322975 0.108924 
-0.513604 0.0583165 0.410785 -0.312058 -0.104337 -0.163717 0.555331 0.483435 0.446515 0.221296 
-0.186658 -0.0176744 -0.417777 -0.625822 0.179235 1.25981 0.373879 -0.152113 0.121519 0.354215 
0.723185 -0.302647 0.998855 -0.0671545 -0.413087 0.346543 0.150399 -0.512677 -0.273834 -0.334117 
-0.148674 0.164147 -0.276747 -0.472456 -0.101017 -0.728428 0.618056 -0.428786 -0.0385895 -0.557772 
0.407607 0.0633096 -0.492932 -0.136459 0.282056 -0.10132 0.226274 1.10492 -0.0632892 -0.446886 
-0.252811 0.0795876 0.0365864 -0.035712 0.134631 -0.00753083 -0.473682 -0.132025 0.841469 -0.79594 
0.0316265 0.35691 -0.0552609 0.521918 -1.08941 0.24683 0.0904349 -0.112774 -0.133044 -0.046733 
0.410453 0.408175 0.342262 0.773951 0.150767 0.319978 0.79318 -0.354225 0.205983 0.0930081 
0.788075 0.0481216 -0.294495 -0.287254 -0.384816 -0.221981 -0.118732 -0.129311 0.599062 0.446815 
0.396281 0.479174 0.174646 -0.618514 -0.730899 0.030302 -0.921179 -0.0396065 -0.301076 0.135544 
0.0305829 -0.107153 -1.17963 -0.16102 -0.0848859 -0.0778065 0.521565 0.0516113 -0.708645 0.511842 
0.235916 1.1337 -0.0671324 -0.139999 -0.0479258 0.334524 0.344402 -0.737521 0.0800562 0.400511 
0.386909 0.680781 -0.334673 0.345232 -0.542625 0.706574 0.131233 0.45616 0.541857 -0.346579 
0.713922 -0.561918 0.367893 0.549185 -0.370473 0.245054 -0.139935 -0.151075 -0.435051 0.820465 
0.382966 -0.32256 0.41783 -0.67343 -0.19328 0.722429 0.27741 0.017352 -0.101771 -0.533515 
0.191435 -0.277455 0.206045 -0.578851 0.152906 -0.525563 0.319836 0.231762 0.609112 0.586458 
-0.286753 0.435139 -0.00686003 0.104862 0.455196 0.395243 -0.125486 0.786847 -0.671529 0.694776 
-1.17331 0.0945599 -0.161881 -0.0884711 -0.859228 0.415551 0.343752 0.071153 0.281235 0.173386 
-0.0761106 -0.225548 -0.511741 -0.304835 0.28773 0.695921 -0.626631 -0.165266 0.768634 0.0582167 
-0.241257 0.349753 0.507314 0.206748 -0.156291 -0.484795 -0.380198 1.15116 0.360627 0.00899824 
-0.694762 -0.181903 0.175864 -0.543818 -0.129681 -0.301802 -0.561763 -0.521979 0.167658 -0.585798 
-0.251178 -0.363684 -0.605193 -0.420188 -0.898582 0.0445955 0.0737145 0.363885 -0.942129 -0.220676 
0.48594 -0.0898598 0.359021 -0.646278 0.621529 0.0282487 -1.00793 -0.184807 -0.645918 0.689781 
0.603734 -0.964901 -0.18783 0.42676 -0.258783 -0.283867 -0.203684 -0.0372239 0.179822 -0.46586 
0.0718312 0.239916 -0.0545803 -0.60769 -0.366189 -0.428493 0.160316 -0.225241 0.487181 0.920936 
-0.0383452 0.311433 0.12301 0.713443 0.0291937 -1.24903 0.107323 -0.19788 -0.434487 0.356044 
-0.193415 -0.0933429 -0.674114 -0.25131 0.825009 -0.639233 0.687514 0.489371 0.0769859 -0.366832 
0.650888 0.275604 0.446424 -0.564964 -0.277669 -0.2578 0.494433 0.075312 -0.0252999 -0.596699 
0.275754 0.842194 -0.666673 0.137139 -0.327175 0.128209 -0.79937 -0.113259 0.0105398 -0.646471 
