0.224403 -0.0708642 0.189372 -0.0855056 0.265776 -0.0125049 -0.0332591 0.101093 0.227956 -0.419813 
-0.00755814 0.00238678 -0.00637826 0.00287992 -0.00895162 0.000421179 0.0011202 -0.00340493 -0.00767781 0.0141397 
0.0637369 -0.0201275 0.0537872 -0.024286 0.075488 -0.00355175 -0.00944652 0.0287134 0.0647461 -0.119239 
-0.115623 0.0365126 -0.0975737 0.0440566 -0.136941 0.00644313 0.0171367 -0.0520881 -0.117454 0.216308 
0.0483694 -0.0152745 0.0408186 -0.0184304 0.0572871 -0.00269539 -0.00716888 0.0217903 0.0491352 -0.0904892 
-0.0352268 0.0111243 -0.0297277 0.0134227 -0.0417215 0.00196302 0.00522101 -0.0158696 -0.0357846 0.0659022 
-0.106139 0.0335177 -0.0895703 0.0404429 -0.125708 0.00591464 0.015731 -0.0478157 -0.10782 0.198565 
0.138505 -0.0437383 0.116883 -0.0527752 0.164041 -0.0077182 -0.0205279 0.0623962 0.140698 -0.259114 
-0.0135595 0.00428196 -0.0114428 0.00516666 -0.0160595 0.000755607 0.00200967 -0.00610855 -0.0137742 0.0253671 
-0.145258 0.0458711 -0.122583 0.0553486 -0.17204 0.00809456 0.0215289 -0.0654387 -0.147558 0.271749 
