   7.1998834736908079e-01  -6.9398615234940875e-01
   6.9398615234941230e-01   7.1998834736908179e-01
  -9.7182291893912320e-01   2.3571214271785410e-01
  -2.3571214271785484e-01  -9.7182291893912320e-01
   9.7766885405160586e-01  -2.1015140213049704e-01
   2.1015140213051131e-01   9.7766885405160897e-01
  -9.8430258368133594e-01  -1.7648916045538562e-01
  -1.7648916045538568e-01   9.8430258368133605e-01
  -9.9748143357913321e-01  -7.0928059785362929e-02
   7.0928059785375835e-02  -9.9748143357913388e-01
   8.6632987157662204e-03  -9.9996247292353968e-01
  -9.9996247292353990e-01  -8.6632987157660712e-03
  -1.1088976181387857e-01  -9.9383271264577577e-01
   9.9383271264577566e-01  -1.1088976181387825e-01
   3.9655961331130452e-01  -9.1800897222760813e-01
   9.1800897222760747e-01   3.9655961331130440e-01
  -5.6324647268756567e-01  -8.2628893917625179e-01
  -8.2628893917625168e-01   5.6324647268756556e-01
  -9.4784273371894479e-01  -3.1873837568795743e-01
   3.1873837568795760e-01  -9.4784273371894456e-01
