  -1.5518281444562593e-01   1.6882189954341056e-01  -2.9188724050081893e-01   6.3393572571745738e-01   2.8010689649812776e-01   4.6358700334491393e-01   2.2808134916728398e-01   2.2842911384959158e-01   2.3717638946888669e-01  -8.0736671206348143e-02
   6.8758981590145685e-01  -1.3097310378088967e-01  -5.2017118063373635e-01   1.2436931937946834e-01   9.6399384707797631e-02  -1.4251310413876542e-01  -1.8197957295799233e-01  -1.9950369659534514e-01   1.9964912820416014e-01   2.8572647032541398e-01
   6.0339467872434355e-02   1.1505018008725694e-01   1.3444661835846247e-01   2.1371467571680636e-01  -3.3032992195456590e-03   2.5518594242046588e-01   2.7711794761294867e-01  -7.5328904735757041e-01  -4.3553600507848245e-01   1.4251882121820711e-01
  -2.0259076888359903e-01   7.4315191281733806e-01  -3.8557397845303126e-01  -1.9169311485352064e-01  -2.2765534824754399e-01   5.8165763872829179e-02  -3.6750679546912762e-01  -1.6580246999498430e-01   2.6580181822957866e-02  -5.2917371306150970e-02
  -2.4874551490527855e-01   6.4018706582104901e-02  -2.5855802344430207e-01  -3.0459165226700419e-01   7.5773422522761158e-01  -3.3770751082079820e-01   2.4341969411197734e-01  -1.4832064639779163e-01  -5.3819077307377491e-02  -4.5197060149743520e-02
  -2.6837964640564688e-01  -1.6252030390911371e-01  -4.0349095546457858e-01  -1.9192589750137445e-01  -4.7136447694872552e-01  -5.1280653992960411e-02   5.9071091374589468e-01   1.1917967089821516e-03   1.5419825588299421e-01   3.2308966746197432e-01
  -1.3363074775251998e-01  -4.3679027371571910e-01  -2.4526990839888663e-01  -4.0533974839141085e-01   1.2164404213228619e-01   6.7019866915922854e-01  -2.9510955693191299e-01  -5.1818824813188995e-02  -1.1472046705445363e-01   5.3344408897461023e-04
  -3.3598915329983980e-01  -7.2353119247020141e-03   9.0635767326517833e-02   2.0833719721501476e-01   1.3002218592150683e-01  -9.8654629181696790e-02  -3.2506674558405801e-01   1.4824479053683476e-01  -1.7644661710549547e-01   8.0623996966117872e-01
  -3.3880742577117118e-01  -3.8022013095629620e-01  -3.4962085084985262e-01   4.0022776881109245e-01  -1.7808216463715876e-01  -3.4635987161041304e-01  -2.6690035579601118e-01  -1.5454994250567636e-01  -2.8188610877080789e-01  -3.6327055067412001e-01
   2.8109845734425642e-01   1.5138433851457281e-01  -2.3919967257463556e-01  -5.2335113430726887e-02  -2.5445832671023291e-02   2.7088063422841435e-02   1.7555728660919392e-01   4.9247917649711476e-01  -7.5037450671892303e-01  -1.7656097947097271e-02
   8.2974848321135525e-02   7.9164954811318922e-01   3.4973875516378608e-02   1.5629224636716615e-01   3.5482811339985526e-01  -2.3735179839079915e-01   2.0878437323719848e-01   2.4769040241083404e-01   2.1584023804543803e-01  -8.3596678779059019e-02
  -4.4810459721352669e-02   2.3095543479080320e-02  -2.3426730920630537e-01  -1.7038509449149286e-01  -2.3452142004569929e-01  -4.7339021058019307e-02   1.6176783476600093e-01  -4.8072762564538779e-01   6.7779919081722462e-01  -3.7366490484434084e-01
  -2.3416886344598425e-01   3.2940098588129951e-01  -5.5151959220459490e-01  -3.8595738678809312e-02   5.8968051691569802e-02   6.1698175623813058e-02   7.7838021546848490e-02  -5.0421528415368677e-01  -4.0398492098030636e-01   3.1657056008980944e-01
   3.6410243331144038e-01   5.0756889771094389e-02  -2.4187059288385898e-01  -6.0335535756875218e-02  -7.0439706801887797e-02   7.1717389557660205e-01   2.5787361091394312e-01   2.5498541167150546e-01   2.3851868595105846e-01   3.0822674107000669e-01
   3.3173474012261595e-01   3.8628668379666936e-01   7.5803347879238162e-02  -5.5716316469708682e-01  -2.6570812658089715e-01   5.3375978272949223e-02  -5.6982840022567083e-01  -1.7514036918237191e-02  -1.2567725780548972e-01  -1.0149875152939247e-01
  -1.4030195695179346e-01   1.9721037965016075e-03   2.2500258880951249e-01  -5.7343548312789783e-01  -2.5471366139718188e-01  -3.1400537790403787e-01   5.3524712927889773e-01   1.2632529543409887e-01  -2.1788703831933553e-02   3.6668284588114980e-01
   3.9602495380997088e-01   1.1300277269741676e-02  -1.9895992040529557e-02   5.9766420750090497e-02  -1.9352857088196909e-01   3.2285306711045868e-02   4.8222691315707578e-01  -5.8366256957934078e-02  -4.9763430993429802e-01  -5.6301304888943204e-01
  -5.2328119288772963e-02  -1.6033835771632932e-01   1.1536686743239215e-01  -4.9897650025685436e-01   7.5946099888522833e-01   2.3695122771759233e-01   8.5019442674054757e-02  -1.3949587329164947e-01  -4.3892988655693271e-02  -2.1846149585460353e-01
   2.1918969835706245e-01   1.3892898505502688e-01   6.6467627960671694e-01   2.2270017770883876e-01  -1.3099338134954911e-03   1.7658930662397643e-01   7.3821642373230592e-02  -5.7694488531641397e-01   2.7443141311453919e-02   2.6647894232250480e-01
   6.8289886644486231e-01  -2.5945650522353059e-01  -2.6334042186519463e-01  -2.7673031268908477e-03   2.4686401060252502e-01  -4.8317460461473666e-01  -3.5609899320372958e-02  -1.2768657129980843e-01   8.5540171934500461e-02   2.7872394881121465e-01
   4.6958435800210349e-02  -4.5499394559734080e-01  -6.7314842592092305e-01  -2.7746444683241250e-01  -1.2460154573889888e-01  -7.1288775614100186e-02  -1.3879439602278273e-01  -4.6166992721451783e-01   5.3742901487034513e-02  -6.9001101079730648e-02
  -6.1135155795038892e-02  -1.1823932113082329e-01   5.4127169893918536e-01  -6.2331634442323613e-01  -1.6626506994360038e-02   5.9840626453768857e-03  -1.0866235461000960e-01  -2.1531209808695168e-01  -1.4917901007687104e-01  -4.6909509130525773e-01
   7.4325380355415721e-02   7.3509636978788251e-01  -3.2419564422742664e-01  -2.7471622156654685e-01  -8.1844782236154198e-02  -4.5759301839313260e-01  -7.1805893683696498e-02   4.0068724648585949e-02  -1.6079480667007337e-01  -1.5757775558656958e-01
   4.5563233351840499e-01   2.5878441753722931e-01  -1.2950268231452611e-01   1.6952713555349136e-01   1.1571768834601352e-01   6.1167584016894594e-01   1.8210755439306728e-01  -2.8648731912454023e-01  -2.7461009673890496e-01  -3.1895554551879762e-01
  -2.9276545278118865e-01   1.9016487002805738e-01  -1.6223957023513136e-01  -4.2426332962374769e-01  -4.2797241576871953e-01   5.7729674503242523e-01   1.0989234795319691e-01   2.6492977467301732e-01   2.0411397426540245e-01   1.7733051691742818e-01
   1.1168798354782961e-01   1.4249943694844514e-01   2.8985372013172905e-01   2.4633371662223350e-01  -7.1754621656923023e-01  -9.9939418081044298e-02  -6.1551653677686696e-02  -4.9805227988578005e-01   4.5957966196417434e-02   2.0906207536347465e-01
  -2.5031446688025177e-01   1.2635164331143020e-01  -6.0212161044230647e-02   3.3230255117734170e-01  -4.4386639149931351e-02   8.5183772182234233e-02  -3.7579240556364885e-01   2.9202634698027351e-03   5.4878988930897676e-01  -5.9640773690684157e-01
  -1.2201467823186543e-01  -6.8341605497306043e-02  -5.6317434208621460e-02   1.3158243689208299e-01  -1.3601982485042033e-01   1.7339755460502404e-01  -7.1819366147027630e-01   2.0601368880954513e-01  -5.9120716730709488e-01   6.0153615320299739e-02
   6.7464278001637723e-01   3.4124182376131428e-02   1.0441578147699068e-01  -2.3891279896084380e-01   1.0778063985049713e-01   6.6119753615703381e-02  -4.5545960175855649e-01   1.3472341538217050e-01   4.1401266862171010e-01   2.5044331336617209e-01
   3.8737411096737473e-01  -3.0560658503570209e-01  -6.3132509579355858e-02   6.9165322994808098e-02  -4.8372271799403449e-01  -1.6244743648751694e-01   2.2422959236006212e-01   5.2723492527847737e-01  -8.7830815774322751e-02  -3.8913968111263464e-01
  -2.3089810454356643e-01  -1.8150973345131410e-01  -7.5970570265099999e-02  -3.1890096287973424e-01   6.7565562472106278e-01  -1.3878333399399503e-01  -1.6396187561498288e-01   1.5895399949649425e-01   2.9990442373447801e-01   4.3405882010422497e-01
  -6.7438479413776939e-02  -8.9501969469325843e-02  -2.5909428118174921e-01   4.7313469733099534e-01  -2.5242680293114311e-01   2.6912535502911880e-02  -6.6109444067392636e-02   4.4133820414027103e-01   6.5783659025511387e-01  -1.0617753223797131e-02
  -3.7754324879069190e-01  -2.2390468766001628e-01  -3.9188317800569844e-01   5.1721668647641300e-02  -5.1542374681706124e-02  -5.4949994316948880e-01  -2.7990323658046373e-01  -3.6910250264170286e-01  -4.4329405157441298e-02  -3.6045228606238250e-01
   2.8579163484183540e-01  -1.3501443341110744e-01  -5.1273773259456856e-01   2.8203279839116059e-02   4.5339471971281509e-01   3.8719802862032071e-01   2.8445761318205526e-01  -9.6236814021450234e-02   3.2957867238526742e-02  -4.3548349278834675e-01
   5.3821004494004387e-01  -3.7235645151106234e-01  -1.8022165278184241e-01   5.0222495014853111e-03  -1.0132809548794702e-01   7.1457614608441675e-02  -6.4220480669406044e-01   1.2430492625491592e-01  -2.5703009611704886e-01   1.7279693590851658e-01
   3.9506527821747572e-01  -4.2267573690455373e-01   1.0071477325974577e-01   3.4715044764353005e-02  -1.2837371622984303e-01  -2.6397314349772277e-01   4.0023774258280881e-01  -4.6835217442804883e-01   3.1842405960155884e-01   2.9465322732706922e-01
   7.0813630710119063e-02   2.3328191638349657e-01  -9.1296041380329596e-02   7.2728247583954320e-01   3.4825964554083799e-01  -2.4311815526904668e-01   8.7365685829893680e-02  -3.3850171471725379e-02  -3.3990237221796721e-01   3.1398530605241992e-01
   8.2476694094958822e-02  -6.6697290628445094e-02  -3.6639640122683065e-01  -2.8580474074628215e-01  -1.8694559379051909e-01  -3.9549532978354862e-01   4.4356489351114897e-01   5.3198916248021466e-01  -3.0579605209724731e-01   9.0441547645220846e-02
   2.2429958506696734e-01  -2.2287969003641989e-01   5.5180545013649251e-01   1.1022308955059133e-01   2.9440918161591689e-01  -3.5571606231388120e-01  -9.0928524987094073e-03   3.2717831228237548e-01   2.9572111064326494e-02  -5.1201800230312833e-01
  -4.5831042733908545e-01  -6.8178659774808781e-01   1.4468021217234045e-01   2.1672918992382151e-01  -4.3467249394366463e-02   3.3361276843650450e-01   1.8000435298370179e-01   9.1905433273618845e-02  -3.1125444584447287e-01   7.9374397094149729e-02
   3.3244810776774336e-01   2.3815102526515858e-01   4.1492157984480310e-01  -5.2032870155485555e-01  -2.3104266643933183e-01  -3.3607469537281393e-01   3.6453136955145155e-01   1.8250821818333601e-01  -7.9384157894018564e-02  -2.2591888261663717e-01
  -7.0293651395892692e-02  -9.9528614168209444e-03  -4.5560629682417997e-01  -5.7151043257348366e-01   5.4331434534989331e-01  -2.1855445194771389e-01   1.5765679131362575e-01  -2.4285983997052435e-01   3.5140041610790748e-02   1.8091588184983171e-01
  -6.6916092798998961e-01  -1.2755037195139385e-01   7.9683794667357755e-02   2.1172067540643935e-02   1.1535434437532112e-01  -2.4384074777866804e-02   4.0708938941226774e-01   4.3037322055121230e-01   3.4131948422874031e-01  -2.1866347058258351e-01
   6.9012239436709130e-02  -3.7636169371976302e-01  -8.2550898953667573e-02   1.5898472233708012e-02  -3.3998390435005704e-01  -2.7025455809212902e-02   4.0460920290525670e-01   1.6637656017756328e-01  -1.0063307113582710e-01   7.2710766852902853e-01
  -3.2035351633103748e-01   4.2495008204609491e-01   1.0003269189543144e-01   3.0966517116266684e-01  -8.0909762616864153e-02  -1.5891463771715073e-01   4.2970232779178169e-01  -5.7942025886990056e-01  -2.3116246996893336e-01   7.2689259702788986e-02
  -3.5742565958872863e-01  -2.3165423688894532e-01  -2.5059607045673060e-01  -2.5340614827050495e-01  -3.1754479478157849e-01   3.8841059591679779e-02  -1.1788165201539336e-01   3.6606194620314843e-02  -6.9771390505524078e-01  -2.9527280709936926e-01
   3.5303309615180400e-01  -2.0848851414749520e-01   2.6848065427103392e-02   2.4501853484281466e-01   4.7230832646384169e-01   3.4338406645893882e-01   4.6845931299863941e-01   9.4416485480418061e-02  -3.7680033611244396e-01  -2.4456165920133718e-01
  -2.7062645583728662e-01  -7.8471619901058609e-02   6.8096425541951167e-01  -2.8726217506002300e-01   2.7937399651185146e-01   3.2213116544479969e-01  -2.0301853252161167e-01  -1.0482253130124151e-01  -1.9208946159905399e-01   3.2163750611661795e-01
  -2.2467808867682463e-02  -2.1596470950049998e-01   1.8822951542968039e-01   3.1138790543646633e-01   3.0707905359298321e-01  -7.5995034280652363e-01  -2.1621028089589434e-01   1.7074082517719699e-01  -2.6168623214080827e-01   6.5273240745425051e-02
  -5.6944674058191896e-02   6.7435564705849371e-01  -1.8555433325923795e-01   4.8058177589819479e-02   1.4046178031414247e-01   1.0952019872153362e-01  -8.2904320025760161e-02   5.5559433458809460e-01  -2.7971415437399327e-01   2.8238162410590156e-01
  -1.5674717363532414e-01  -1.2079069881947736e-01  -3.0812883096046850e-01  -3.0512834518808146e-01   1.8166421945304453e-01  -5.8522593217719902e-02  -5.0398767790397725e-01  -3.0543970383767655e-01  -6.2150001077512551e-01   5.2983101366121797e-02
   3.5058397216723275e-01  -2.1711963154821889e-01  -2.8021725675702319e-01  -4.8862986983857597e-02   2.0524901284383770e-01   3.6455798943171913e-01   4.1124948231967251e-01  -3.6936959420102812e-02  -1.1979559638953961e-01   6.2383451014570046e-01
   4.1675109669388975e-04   2.3686309966892086e-01  -1.7304571668155830e-01  -8.2303779604508201e-02   3.2227424362934204e-01   4.7348186306995932e-01   2.2423954052192668e-01  -4.7406357008432670e-01   1.3523991182547637e-01  -5.3462297893613675e-01
  -6.6161301916671869e-02  -4.3491522524248738e-01  -2.3460222979087089e-01   5.1013510504995485e-01   1.3126971323886444e-01  -4.6464025329470826e-01   1.2062140335405551e-01  -4.6052618670741835e-01   1.7563410563027237e-01  -2.4328257382759441e-02
   5.5759162320996081e-01   4.1859356706982059e-01   2.3183301084670585e-01   2.1638136210676288e-02   1.4743711301650794e-01  -1.7974831074744888e-01  -3.7956618625093475e-01  -3.7329920446150089e-01   2.2643549209944297e-01   2.6629547139730125e-01
  -3.5637851403556708e-01   4.9866825211230459e-01  -4.5274370573711264e-01   2.6324288175057753e-01  -4.5237437797670360e-01   1.3041274995273949e-01  -5.2954943229891985e-02  -1.5430212768290352e-01   8.8580613538978295e-02   3.0649745558030761e-01
   3.2215402018524658e-01   6.0766057581271050e-02   2.3898670314698314e-01   5.0633481101195210e-01  -3.1986495157160988e-01   1.5387271649347092e-01   1.1344562020025768e-01  -1.0860701440786841e-01  -6.2366458873333552e-01  -1.9854817227774549e-01
  -4.5802403345787263e-01   8.7211011500992100e-02   5.8530784311016648e-01  -1.8466486095280985e-01   1.6055375285768083e-02  -7.7207753177149188e-02   3.4594775714052983e-01  -4.1531137833554893e-01  -1.4014727238137106e-01   2.9647661011172671e-01
  -3.1084449159604061e-01   1.2734255101962919e-02   2.1296172068241220e-01   5.2270508464060628e-01   5.3185594686781135e-01   3.5059727351008652e-01  -3.2659473491077851e-01   2.1107661376190023e-01   1.1409025894301294e-02   1.6584155321981991e-01
  -6.0100766835239003e-03   5.0760442861700861e-01  -1.9436015099718351e-01   6.3527025515828270e-02   4.3812799236511291e-01  -4.7087546123721286e-01   3.5489265037470835e-01   2.7663659760444176e-01  -2.8705588068546978e-01  -4.3960834962732592e-02
   5.7621044198864442e-02  -2.6892765803730351e-01  -7.0027347007433027e-01  -3.0091590355287201e-01  -2.1971417888956438e-01  -8.2585652669747517e-02   2.6859441490538427e-01  -3.8415247719364991e-02  -3.7612104987219142e-01  -2.7063623287052618e-01
  -4.0922399557533684e-01  -3.7708594055464739e-01   2.8277768100672407e-01  -3.2779070482661826e-01  -3.3715507412472134e-01  -1.7609949199793309e-01   3.5024534287386527e-01  -2.8530224374895669e-01   3.7589179925825017e-01   1.1350577739701452e-01
   4.1307729413623068e-01   2.3811235006540091e-01   2.9616956894825669e-01  -2.6663819274101724e-01   2.2581726377125066e-01  -2.7825644686103773e-01   1.6265078247464046e-01  -6.0941103605335478e-01  -2.8780953234440260e-01  -6.9034895290907741e-02
   3.6106587073597574e-01  -1.5435829997900469e-01   3.1086369992693397e-01  -3.1123224547768918e-01   1.7362402155428444e-01   2.1580400991715354e-01   4.8846107838553932e-01   5.7988471804427066e-01  -2.6562678518144419e-02   4.5213818688534203e-03
   2.9088242411417142e-01   4.0352009939459943e-01   5.7756403857608968e-02   1.3755479273852778e-01  -5.7673789299811939e-01  -3.8089863530832999e-03   1.3886427284081004e-01   4.5789878435129196e-02   3.3869396706414073e-01  -5.1143632386918880e-01
   1.6192183521240602e-01   4.3652333887970893e-02   4.4905704430785461e-02  -6.6971353455603577e-01  -2.7723505286338807e-01   2.2179364034967805e-01  -6.1489467462822678e-01   4.6120939617470477e-02   2.9482329408717044e-02   1.1916186147074223e-01
  -3.0312205436440887e-01  -1.3540098762566241e-01   2.4005923969221135e-01  -1.5388046963716168e-01   2.6741017460597394e-01  -3.5383753345244839e-01  -2.7341598926805233e-01   2.2548926565608904e-01  -7.1175155811396246e-02  -6.9361310449681002e-01
   3.2021439436018417e-01  -3.5463587593601370e-01   2.0165388658853062e-01   2.6974817597422351e-01  -3.9337343977794659e-01  -5.4468525509925325e-01  -1.9034867608009018e-01   2.0967501613746020e-01  -2.6638740727405080e-01   2.3597583954465662e-01
   4.4537723754655500e-01  -5.9561441222552403e-01  -8.2617857999241429e-02   1.6524075817061018e-01   2.1405889068790274e-01   2.0538769155326231e-01  -1.7814642519992291e-01  -2.7284667822406811e-01   4.0907554225219595e-01  -2.2632454392089280e-01
   1.5684940379325799e-01   2.0339512108591040e-01  -3.6719263780204359e-01  -2.0701717671270092e-01   2.7450947718590452e-01  -5.6999692951339664e-01   5.6498050836485151e-03   1.8973828341952390e-01   5.2416089552175571e-01   2.1286852968865175e-01
   7.8294282377929333e-02  -2.4326515389708349e-02   7.4476551559880977e-02   1.6199287857649146e-02   3.1854743757020748e-01   2.5880215272095308e-01   3.2960420340696839e-01  -7.3999405404860297e-01   2.8763605217884591e-01   2.8293709310934617e-01
   3.4136999570365943e-02   6.4391910950324005e-01   5.2321128046962351e-01  -1.6888321344135832e-01   3.2583028746507853e-01  -3.0630297429660497e-01  -1.6710355728279325e-01   1.0354755470003724e-01   1.5087727865780851e-01   1.4329942580246507e-01
   7.0157434640679098e-02  -2.5347637530703448e-01  -5.9183879008599900e-02  -6.1328856437207646e-01   4.9988992992638634e-02  -4.9936886016879886e-02   3.9820607479664760e-01   3.9574756945322587e-01   9.7817784166776695e-02   4.7059211549271840e-01
  -1.4389976137528926e-01   5.4816111527137980e-02   1.7593840415791456e-01  -5.5702649638274027e-01   1.7925358849523529e-01   4.0692669244630336e-01   9.8816243821603963e-02  -7.9242524914943532e-02  -2.7279047948926499e-01  -5.8896125284395173e-01
   2.2231749560288619e-01   2.3194387464128305e-01  -2.6900858988955512e-01   5.7230005235079276e-02   2.8641023325080744e-01   4.6903401732882855e-01  -2.9336309520399795e-01   1.0953557167506967e-01  -5.0115654016250721e-01   4.1218262854196747e-01
  -5.6784941749110224e-03   6.3737232201880889e-01  -2.7206853269819975e-01  -1.0320747698856014e-01  -5.9713950286828210e-01   2.2804606571717681e-01   2.7127339893197300e-01  -3.4961258516547904e-02   1.5730727730665256e-01   3.0223964063331974e-02
   6.6014803961238067e-01  -1.0555107064798162e-01   1.0408003941411029e-01  -3.3522177111200796e-01  -3.5552305600773121e-01  -2.4698876605635989e-01  -2.6085961364327326e-01  -3.6078302131515211e-01  -2.1034470039165665e-01   3.6531588848455276e-04
   4.3277092659863631e-01   8.4801328998692763e-02   2.0497788317013191e-01   3.6804556901184493e-01   8.8277134873299745e-02  -8.0607544741240461e-02   6.5951398678832640e-01   1.7712197917254166e-01  -3.4600417449257143e-01  -1.6644631080466932e-01
   5.0223427248765440e-01   5.8708924466741967e-02  -4.1551036946808018e-01  -2.9022895716953916e-02   3.3875438447530531e-01   5.8525875794678113e-02  -9.7919857515733885e-02   1.9916104137104867e-01   5.2534598714895397e-01  -3.5693299912906484e-01
   2.0565207493843099e-01  -1.8894669237014822e-01   5.6067975121024149e-01   1.4904395476020049e-01  -2.6491690940127466e-01   5.7288103966548809e-01  -1.5119141609464018e-01   2.5371076439676410e-01   3.0767342827836697e-01   7.1874184608726563e-02
  -8.0510458061478093e-02   5.3708255686411932e-01  -2.3999327688562480e-01  -3.1649615299594293e-02  -6.4629213797733187e-01   8.1874353433355487e-02   2.1151902638029410e-01   1.8883495181297863e-01  -6.6748987578901131e-02  -3.7041951879563872e-01
   7.7775971471783634e-01   3.0712042008025170e-01  -4.5464321160143345e-02   9.6766068556247906e-02  -6.1583084108652084e-02  -2.5519240326809145e-01  -1.5632799844258455e-01  -6.2563887466265625e-03   4.0285711908385335e-01   1.8343694933557314e-01
  -1.5249787687382171e-01  -1.0250665466285551e-01  -6.7246007702651456e-01  -8.9381978360688744e-02  -1.5105041406977904e-01  -2.8047888168084895e-01  -5.3193238997933845e-01  -3.0687673079282457e-01  -1.3651488236392542e-01   9.3801657080145900e-02
  -8.8903715059974672e-02   3.9093013989792154e-02  -3.3847828265958813e-01   4.6785920851110446e-01   2.4463660141196672e-01   5.8768673069523492e-01  -2.2101098631468821e-01   1.3433228328494654e-01   3.9487908621247975e-01  -1.7048403903860862e-01
  -2.6685945855130566e-01   7.2959554485530931e-01   2.0715183843506535e-01  -3.8350342897202046e-03   2.3541589136720689e-01   1.3399876320500151e-01  -1.8483774413028833e-01  -3.1024302515002383e-01  -1.3715665812283717e-01   3.6186432958836506e-01
   1.1542400719831912e-01  -2.5683388350494454e-02   3.9709192698214396e-01  -3.7969576199405192e-01  -1.1156285953448954e-01   2.3051933029708777e-01  -6.8618305705463567e-01   1.3323066838714173e-01  -3.9288386088563193e-02  -3.5838552235990356e-01
   2.6442619789472651e-02   2.1489918936043559e-01  -2.8895767050559340e-01  -5.3581032579760590e-01   5.8035592095596844e-01  -1.3883500468733592e-01   1.9411696833103578e-01   1.9866013141587650e-02   1.4403888355334210e-01  -4.0941235488549149e-01
   1.8346262582052056e-01   8.9464406595080079e-02   1.0186682216970459e-01   5.4050176975554309e-01   2.2201388327134711e-01  -2.6439729678597557e-01  -7.4181111539124683e-02  -1.9344504572689039e-01  -4.6703276582420611e-01  -5.2495623629020682e-01
   2.8615800134755198e-01  -1.3342208966171873e-01  -2.5679742349123659e-02  -1.6053229063701666e-01  -1.4712881942307590e-01   4.5859658476686094e-01   2.2329529131672352e-01  -7.5924701748583567e-01  -1.5784552681834988e-02  -1.2392896714412258e-01
  -3.9581257976060080e-01  -1.5073338525133886e-02   2.8007035350594950e-01   1.1646539804432325e-01  -1.4224534932599944e-01  -3.6543478795094336e-01  -3.1082688585343760e-02  -3.5186773783670722e-01   6.3183338456026072e-01  -2.7080401835991463e-01
  -2.3048725334522960e-02   1.3332174808059741e-01  -4.2334962181956863e-02   1.9558565350072837e-01   2.3422605067238086e-01  -2.0079440462406603e-01  -7.1549343396271670e-02  -9.8128096287358163e-02   3.3759715502800752e-01  -8.4719983724301795e-01
   4.6934362689110792e-01   5.3915372897819069e-01  -2.3632094670543435e-01  -4.2481607312046482e-01   2.0165621604690539e-02   3.3405431211389719e-01   3.4997618947301029e-01   6.8468822355698275e-02   4.3453229277596976e-02  -1.0795878328463653e-01
  -5.8225177197057110e-01   1.3478504434128835e-01   8.3681844418791954e-03  -3.2796344279501005e-01  -1.7659443354419732e-01  -1.5485982246142554e-01   1.8305577240711954e-01   5.8227478747358508e-01   3.2780056491006510e-01  -3.4794643732087667e-03
   2.8069110810181885e-01   1.4008186688601074e-01   3.0585394259878917e-01   1.9910534734040808e-02  -2.3316282106788286e-01  -2.9767881445616140e-01   4.0149151236988515e-03  -2.8489250957608259e-01   6.9404868153353316e-01   3.1903839456541955e-01
   4.9470035279378349e-01  -4.3484748697647851e-01   1.4012992334973745e-01  -1.5300101723777432e-01  -2.0345759688332174e-01  -4.5871030308125404e-01   2.5506024502552110e-01   3.5158234648001807e-01  -1.9465957103185527e-01  -2.1157778214297018e-01
   3.2425180492030595e-02   3.2129964302437597e-01   1.9715401848504679e-01   6.4081301316586292e-01  -5.4678797812623003e-01   1.9355301303396169e-01   1.5904309464319641e-01   2.3079478522075861e-01  -1.4144993835810218e-01  -1.0580754432820449e-01
   7.9969906151551362e-02  -2.0053265043096000e-01   5.5578678092638656e-01  -3.1066382434329759e-01  -1.4332321021538291e-01   5.3260085629909093e-01  -4.0699802230249177e-01   1.0795886145129213e-01   1.0691809545047130e-01  -2.3460885072265497e-01
   1.3433443363685735e-01  -1.4917052938170175e-01   2.3665624213119213e-01   3.3694861622511202e-01   6.3432899006143417e-01   2.3660205405958984e-01   3.0925405332469075e-01   3.7703622332289438e-01   2.4406406286614837e-01   1.8559745847430631e-01
   1.8744998494488085e-01  -3.5990756731522450e-01  -6.5216750545166480e-01   1.6451207871559123e-01  -2.3606249106364299e-01   2.5148935908740072e-01  -2.4654878422960652e-01   2.2750209072990421e-01   3.8773877137668866e-01   3.2941013666658955e-02
  -2.3669059515824603e-01  -4.1161169217637250e-01   3.1336925817736887e-03  -4.6474423787669666e-02  -2.0042108957319074e-01   2.9107742884602672e-01   6.5303110622645322e-01  -4.2782030918699465e-01   1.2546976004815527e-01  -1.4921963296994084e-01
