   9.8275381105840920e-01  -1.8491875743193889e-01
  -1.8491875743193933e-01  -9.8275381105840931e-01
  -7.1050789177303708e-01   7.0368923235206193e-01
   7.0368923235206227e-01   7.1050789177303697e-01
   7.2430291352033438e-01   6.8948189930262593e-01
  -6.8948189930262482e-01   7.2430291352033338e-01
  -2.2409684502673713e-01  -9.7456688023401594e-01
   9.7456688023401583e-01  -2.2409684502673707e-01
  -9.6989655868315261e-02  -9.9528538955143198e-01
   9.9528538955143186e-01  -9.6989655868315303e-02
  -4.7418921361655114e-01   8.8042296067839843e-01
   8.8042296067839854e-01   4.7418921361655131e-01
  -9.9007247124108111e-01  -1.4055782329909125e-01
  -1.4055782329909119e-01   9.9007247124108111e-01
   5.4751105123044097e-01   8.3679845170778000e-01
   8.3679845170778000e-01  -5.4751105123044075e-01
   8.3246000022035505e-01   5.5408514511140494e-01
   5.5408514511140472e-01  -8.3246000022035482e-01
  -8.0866245539890846e-01  -5.8827292409918741e-01
   5.8827292409918763e-01  -8.0866245539890846e-01
