  -5.4050830689081160e+01   4.7085526509425108e+01
  -8.3059261307290058e+01   3.9436281248057163e+01
  -5.8885569125449308e+01   4.5810652299197116e+01
  -7.5807153652737838e+01   4.1348592563399151e+01
  -6.6137676780001541e+01   4.3898340983855128e+01
  -6.1700075950449104e+01   7.6093957127634013e+01
  -9.0708506568658009e+01   6.8444711866266076e+01
  -6.6534814386817260e+01   7.4819082917406021e+01
  -8.3456398914105790e+01   7.0357023181608056e+01
  -7.3786922041369479e+01   7.2906771602064040e+01
  -5.5325704899309152e+01   5.1920264945793264e+01
  -8.4334135517518064e+01   4.4271019684425312e+01
  -6.0160443335677300e+01   5.0645390735565272e+01
  -7.7082027862965830e+01   4.6183330999767300e+01
  -6.7412550990229533e+01   4.8733079420223284e+01
  -5.9787764635107116e+01   6.8841849473081794e+01
  -8.8796195253316029e+01   6.1192604211713842e+01
  -6.4622503071475265e+01   6.7566975262853802e+01
  -8.1544087598763795e+01   6.3104915527055830e+01
  -7.1874610726027498e+01   6.5654663947511807e+01
  -5.7238016214651140e+01   5.9172372600345490e+01
  -8.6246446832860045e+01   5.1523127338977545e+01
  -6.2072754651019288e+01   5.7897498390117498e+01
  -7.8994339178307825e+01   5.3435438654319526e+01
  -6.9324862305571514e+01   5.5985187074775510e+01