   2.3090900830990662e+01  -1.9422498774357052e+01   4.9852873325196356e+01   5.2520942079127764e+00
   2.3702797411303678e+01  -2.1118002793244703e+01   4.6320313320480047e+01   5.7735043248224454e+00
   2.4314693991616696e+01  -2.2813506812132356e+01   4.2787753315763737e+01   6.2949144417321143e+00
   2.4926590571929712e+01  -2.4509010831020007e+01   3.9255193311047428e+01   6.8163245586417833e+00
   2.5538487152242730e+01  -2.6204514849907657e+01   3.5722633306331119e+01   7.3377346755514523e+00
   2.1470439422207725e+01  -2.1853061652389542e+01   5.0341962847939513e+01   2.5637377662706906e+00
   2.2082336002520741e+01  -2.3548565671277196e+01   4.6809402843223204e+01   3.0851478831803596e+00
   2.2694232582833759e+01  -2.5244069690164846e+01   4.3276842838506894e+01   3.6065580000900286e+00
   2.3306129163146775e+01  -2.6939573709052496e+01   3.9744282833790592e+01   4.1279681169996971e+00
   2.3918025743459793e+01  -2.8635077727940150e+01   3.6211722829074276e+01   4.6493782339093661e+00
   1.9849978013424789e+01  -2.4283624530422035e+01   5.0831052370682677e+01  -1.2461867537139604e-01
   2.0461874593737804e+01  -2.5979128549309685e+01   4.7298492365966368e+01   3.9679144153827295e-01
   2.1073771174050822e+01  -2.7674632568197339e+01   4.3765932361250059e+01   9.1820155844794105e-01
   2.1685667754363838e+01  -2.9370136587084989e+01   4.0233372356533749e+01   1.4396116753576105e+00
   2.2297564334676856e+01  -3.1065640605972639e+01   3.6700812351817433e+01   1.9610217922672795e+00
   1.8229516604641852e+01  -2.6714187408454528e+01   5.1320141893425834e+01  -2.8129751170134814e+00
   1.8841413184954867e+01  -2.8409691427342178e+01   4.7787581888709525e+01  -2.2915650001038133e+00
   1.9453309765267885e+01  -3.0105195446229828e+01   4.4255021883993216e+01  -1.7701548831941434e+00
   2.0065206345580901e+01  -3.1800699465117482e+01   4.0722461879276906e+01  -1.2487447662844753e+00
   2.0677102925893919e+01  -3.3496203484005136e+01   3.7189901874560597e+01  -7.2733464937480719e-01
   1.6609055195858915e+01  -2.9144750286487017e+01   5.1809231416168991e+01  -5.5013315586555684e+00
   1.7220951776171930e+01  -3.0840254305374671e+01   4.8276671411452682e+01  -4.9799214417459012e+00
   1.7832848356484945e+01  -3.2535758324262318e+01   4.4744111406736373e+01  -4.4585113248362305e+00
   1.8444744936797964e+01  -3.4231262343149972e+01   4.1211551402020064e+01  -3.9371012079265615e+00
   1.9056641517110982e+01  -3.5926766362037625e+01   3.7678991397303754e+01  -3.4156910910168943e+00
   2.5736827250972006e+01  -2.1754210635737511e+01   5.1551702113372414e+01   6.0743921612159859e+00
   2.6348723831285024e+01  -2.3449714654625161e+01   4.8019142108656112e+01   6.5958022781256549e+00
   2.6960620411598040e+01  -2.5145218673512815e+01   4.4486582103939796e+01   7.1172123950353239e+00
   2.7572516991911058e+01  -2.6840722692400465e+01   4.0954022099223494e+01   7.6386225119449929e+00
   2.8184413572224074e+01  -2.8536226711288116e+01   3.7421462094507184e+01   8.1600326288546619e+00
   2.4116365842189069e+01  -2.4184773513770004e+01   5.2040791636115578e+01   3.3860357195738997e+00
   2.4728262422502088e+01  -2.5880277532657654e+01   4.8508231631399269e+01   3.9074458364835687e+00
   2.5340159002815103e+01  -2.7575781551545305e+01   4.4975671626682960e+01   4.4288559533932377e+00
   2.5952055583128121e+01  -2.9271285570432958e+01   4.1443111621966651e+01   4.9502660703029067e+00
   2.6563952163441137e+01  -3.0966789589320612e+01   3.7910551617250341e+01   5.4716761872125756e+00
   2.2495904433406132e+01  -2.6615336391802494e+01   5.2529881158858736e+01   6.9767927793181350e-01
   2.3107801013719151e+01  -2.8310840410690147e+01   4.8997321154142426e+01   1.2190893948414825e+00
   2.3719697594032166e+01  -3.0006344429577801e+01   4.5464761149426117e+01   1.7404995117511506e+00
   2.4331594174345181e+01  -3.1701848448465448e+01   4.1932201144709808e+01   2.2619096286608196e+00
   2.4943490754658200e+01  -3.3397352467353102e+01   3.8399641139993498e+01   2.7833197455704886e+00
   2.0875443024623195e+01  -2.9045899269834987e+01   5.3018970681601893e+01  -1.9906771637102727e+00
   2.1487339604936214e+01  -3.0741403288722637e+01   4.9486410676885583e+01  -1.4692670468006046e+00
   2.2099236185249229e+01  -3.2436907307610291e+01   4.5953850672169274e+01  -9.4785692989093473e-01
   2.2711132765562244e+01  -3.4132411326497945e+01   4.2421290667452972e+01  -4.2644681298126574e-01
   2.3323029345875263e+01  -3.5827915345385591e+01   3.8888730662736663e+01   9.4963303928402354e-02
   1.9254981615840258e+01  -3.1476462147867480e+01   5.3508060204345057e+01  -4.6790336053523589e+00
   1.9866878196153273e+01  -3.3171966166755126e+01   4.9975500199628748e+01  -4.1576234884426917e+00
   2.0478774776466292e+01  -3.4867470185642787e+01   4.6442940194912438e+01  -3.6362133715330209e+00
   2.1090671356779307e+01  -3.6562974204530434e+01   4.2910380190196129e+01  -3.1148032546233537e+00
   2.1702567937092326e+01  -3.8258478223418081e+01   3.9377820185479820e+01  -2.5933931377136847e+00
   2.8382753670953353e+01  -2.4085922497117974e+01   5.3250530901548480e+01   6.8966901145191954e+00
   2.8994650251266371e+01  -2.5781426516005624e+01   4.9717970896832171e+01   7.4181002314288644e+00
   2.9606546831579386e+01  -2.7476930534893278e+01   4.6185410892115861e+01   7.9395103483385334e+00
   3.0218443411892402e+01  -2.9172434553780924e+01   4.2652850887399552e+01   8.4609204652482024e+00
   3.0830339992205420e+01  -3.0867938572668578e+01   3.9120290882683243e+01   8.9823305821578714e+00
   2.6762292262170416e+01  -2.6516485375150463e+01   5.3739620424291637e+01   4.2083336728771101e+00
   2.7374188842483431e+01  -2.8211989394038113e+01   5.0207060419575328e+01   4.7297437897867791e+00
   2.7986085422796450e+01  -2.9907493412925767e+01   4.6674500414859018e+01   5.2511539066964472e+00
   2.8597982003109465e+01  -3.1602997431813417e+01   4.3141940410142716e+01   5.7725640236061162e+00
   2.9209878583422483e+01  -3.3298501450701067e+01   3.9609380405426407e+01   6.2939741405157852e+00
   2.5141830853387479e+01  -2.8947048253182956e+01   5.4228709947034801e+01   1.5199772312350230e+00
   2.5753727433700494e+01  -3.0642552272070610e+01   5.0696149942318492e+01   2.0413873481446920e+00
   2.6365624014013513e+01  -3.2338056290958264e+01   4.7163589937602183e+01   2.5627974650543606e+00
   2.6977520594326528e+01  -3.4033560309845910e+01   4.3631029932885873e+01   3.0842075819640296e+00
   2.7589417174639543e+01  -3.5729064328733564e+01   4.0098469928169564e+01   3.6056176988736985e+00
   2.3521369444604542e+01  -3.1377611131215446e+01   5.4717799469777958e+01  -1.1683792104070623e+00
   2.4133266024917557e+01  -3.3073115150103099e+01   5.1185239465061649e+01  -6.4696909349739329e-01
   2.4745162605230576e+01  -3.4768619168990753e+01   4.7652679460345340e+01  -1.2555897658772430e-01
   2.5357059185543591e+01  -3.6464123187878400e+01   4.4120119455629030e+01   3.9585114032194468e-01
   2.5968955765856606e+01  -3.8159627206766054e+01   4.0587559450912721e+01   9.1726125723161367e-01
   2.1900908035821601e+01  -3.3808174009247935e+01   5.5206888992521115e+01  -3.8567356520491494e+00
   2.2512804616134620e+01  -3.5503678028135589e+01   5.1674328987804806e+01  -3.3353255351394804e+00
   2.3124701196447635e+01  -3.7199182047023243e+01   4.8141768983088497e+01  -2.8139154182298114e+00
   2.3736597776760654e+01  -3.8894686065910889e+01   4.4609208978372195e+01  -2.2925053013201424e+00
   2.4348494357073669e+01  -4.0590190084798550e+01   4.1076648973655878e+01  -1.7710951844104734e+00
   3.1028680090934696e+01  -2.6417634358498432e+01   5.4949359689724545e+01   7.7189880678224050e+00
   3.1640576671247715e+01  -2.8113138377386083e+01   5.1416799685008236e+01   8.2403981847320740e+00
   3.2252473251560730e+01  -2.9808642396273736e+01   4.7884239680291927e+01   8.7618083016417430e+00
   3.2864369831873745e+01  -3.1504146415161387e+01   4.4351679675575618e+01   9.2832184185514119e+00
   3.3476266412186760e+01  -3.3199650434049040e+01   4.0819119670859308e+01   9.8046285354610809e+00
   2.9408218682151759e+01  -2.8848197236530922e+01   5.5438449212467702e+01   5.0306316261803188e+00
   3.0020115262464778e+01  -3.0543701255418576e+01   5.1905889207751393e+01   5.5520417430899878e+00
   3.0632011842777793e+01  -3.2239205274306229e+01   4.8373329203035084e+01   6.0734518599996568e+00
   3.1243908423090808e+01  -3.3934709293193876e+01   4.4840769198318775e+01   6.5948619769093257e+00
   3.1855805003403827e+01  -3.5630213312081530e+01   4.1308209193602465e+01   7.1162720938189947e+00
   2.7787757273368822e+01  -3.1278760114563418e+01   5.5927538735210859e+01   2.3422751845382321e+00
   2.8399653853681841e+01  -3.2974264133451065e+01   5.2394978730494550e+01   2.8636853014479011e+00
   2.9011550433994856e+01  -3.4669768152338719e+01   4.8862418725778241e+01   3.3850954183575701e+00
   2.9623447014307871e+01  -3.6365272171226366e+01   4.5329858721061939e+01   3.9065055352672386e+00
   3.0235343594620890e+01  -3.8060776190114026e+01   4.1797298716345622e+01   4.4279156521769076e+00
   2.6167295864585885e+01  -3.3709322992595908e+01   5.6416628257954017e+01  -3.4608125710385274e-01
   2.6779192444898900e+01  -3.5404827011483555e+01   5.2884068253237714e+01   1.7532885980581536e-01
   2.7391089025211919e+01  -3.7100331030371208e+01   4.9351508248521398e+01   6.9673897671548435e-01
   2.8002985605524934e+01  -3.8795835049258855e+01   4.5818948243805096e+01   1.2181490936251542e+00
   2.8614882185837953e+01  -4.0491339068146516e+01   4.2286388239088780e+01   1.7395592105348228e+00
   2.4546834455802948e+01  -3.6139885870628405e+01   5.6905717780697181e+01  -3.0344376987459398e+00
   2.5158731036115963e+01  -3.7835389889516051e+01   5.3373157775980872e+01  -2.5130275818362708e+00
   2.5770627616428982e+01  -3.9530893908403705e+01   4.9840597771264562e+01  -1.9916174649266019e+00
   2.6382524196741997e+01  -4.1226397927291359e+01   4.6308037766548253e+01  -1.4702073480169329e+00
   2.6994420777055012e+01  -4.2921901946179005e+01   4.2775477761831944e+01  -9.4879723110726477e-01
   3.3674606510916043e+01  -2.8749346219878895e+01   5.6648188477900604e+01   8.5412860211256145e+00
   3.4286503091229058e+01  -3.0444850238766545e+01   5.3115628473184294e+01   9.0626961380352853e+00
   3.4898399671542080e+01  -3.2140354257654195e+01   4.9583068468467985e+01   9.5841062549449525e+00
   3.5510296251855095e+01  -3.3835858276541849e+01   4.6050508463751676e+01   1.0105516371854623e+01
   3.6122192832168110e+01  -3.5531362295429503e+01   4.2517948459035367e+01   1.0626926488764290e+01
   3.2054145102133106e+01  -3.1179909097911384e+01   5.7137278000643761e+01   5.8529295794835292e+00
   3.2666041682446121e+01  -3.2875413116799038e+01   5.3604717995927459e+01   6.3743396963931982e+00
   3.3277938262759136e+01  -3.4570917135686685e+01   5.0072157991211142e+01   6.8957498133028672e+00
   3.3889834843072151e+01  -3.6266421154574338e+01   4.6539597986494840e+01   7.4171599302125362e+00
   3.4501731423385174e+01  -3.7961925173461992e+01   4.3007037981778524e+01   7.9385700471222052e+00
   3.0433683693350169e+01  -3.3610471975943881e+01   5.7626367523386925e+01   3.1645731378414426e+00
   3.1045580273663184e+01  -3.5305975994831527e+01   5.4093807518670616e+01   3.6859832547511115e+00
   3.1657476853976199e+01  -3.7001480013719181e+01   5.0561247513954306e+01   4.2073933716607801e+00
   3.2269373434289221e+01  -3.8696984032606835e+01   4.7028687509237997e+01   4.7288034885704491e+00
   3.2881270014602237e+01  -4.0392488051494482e+01   4.3496127504521688e+01   5.2502136054801181e+00
   2.8813222284567232e+01  -3.6041034853976370e+01   5.8115457046130082e+01   4.7621669619935680e-01
   2.9425118864880247e+01  -3.7736538872864017e+01   5.4582897041413773e+01   9.9762681310902579e-01
   3.0037015445193262e+01  -3.9432042891751671e+01   5.1050337036697464e+01   1.5190369300186948e+00
   3.0648912025506281e+01  -4.1127546910639325e+01   4.7517777031981154e+01   2.0404470469283638e+00
   3.1260808605819300e+01  -4.2823050929526971e+01   4.3985217027264845e+01   2.5618571638380327e+00
   2.7192760875784291e+01  -3.8471597732008860e+01   5.8604546568873239e+01  -2.2121397454427303e+00
   2.7804657456097310e+01  -4.0167101750896514e+01   5.5071986564156930e+01  -1.6907296285330622e+00
   2.8416554036410325e+01  -4.1862605769784167e+01   5.1539426559440621e+01  -1.1693195116233923e+00
   2.9028450616723340e+01  -4.3558109788671814e+01   4.8006866554724311e+01  -6.4790939471372333e-01
   2.9640347197036359e+01  -4.5253613807559468e+01   4.4474306550008002e+01  -1.2649927780405523e-01
   2.0641664056464535e+01  -2.0756946230559027e+01   5.0481993345769396e+01   8.0493602318474142e+00
   2.1253560636777550e+01  -2.2452450249446677e+01   4.6949433341053087e+01   8.5707703487570832e+00
   2.1865457217090569e+01  -2.4147954268334331e+01   4.3416873336336778e+01   9.0921804656667522e+00
   2.2477353797403584e+01  -2.5843458287221978e+01   3.9884313331620476e+01   9.6135905825764212e+00
   2.3089250377716599e+01  -2.7538962306109632e+01   3.6351753326904159e+01   1.0135000699486090e+01
   1.9021202647681598e+01  -2.3187509108591517e+01   5.0971082868512553e+01   5.3610037902053289e+00
   1.9633099227994613e+01  -2.4883013127479167e+01   4.7438522863796251e+01   5.8824139071149970e+00
   2.0244995808307632e+01  -2.6578517146366821e+01   4.3905962859079935e+01   6.4038240240246669e+00
   2.0856892388620647e+01  -2.8274021165254471e+01   4.0373402854363633e+01   6.9252341409343350e+00
   2.1468788968933666e+01  -2.9969525184142125e+01   3.6840842849647323e+01   7.4466442578440040e+00
   1.7400741238898661e+01  -2.5618071986624010e+01   5.1460172391255718e+01   2.6726473485632418e+00
   1.8012637819211676e+01  -2.7313576005511660e+01   4.7927612386539408e+01   3.1940574654729108e+00
   1.8624534399524691e+01  -2.9009080024399310e+01   4.4395052381823099e+01   3.7154675823825798e+00
   1.9236430979837710e+01  -3.0704584043286964e+01   4.0862492377106790e+01   4.2368776992922488e+00
   1.9848327560150725e+01  -3.2400088062174618e+01   3.7329932372390481e+01   4.7582878162019178e+00
   1.5780279830115722e+01  -2.8048634864656499e+01   5.1949261913998875e+01  -1.5709093078843495e-02
   1.6392176410428739e+01  -2.9744138883544153e+01   4.8416701909282565e+01   5.0570102383082549e-01
   1.7004072990741754e+01  -3.1439642902431807e+01   4.4884141904566256e+01   1.0271111407404936e+00
   1.7615969571054773e+01  -3.3135146921319453e+01   4.1351581899849947e+01   1.5485212576501626e+00
   1.8227866151367788e+01  -3.4830650940207107e+01   3.7819021895133638e+01   2.0699313745598320e+00
   1.4159818421332785e+01  -3.0479197742688996e+01   5.2438351436742032e+01  -2.7040655347209306e+00
   1.4771715001645802e+01  -3.2174701761576642e+01   4.8905791432025723e+01  -2.1826554178112625e+00
   1.5383611581958817e+01  -3.3870205780464296e+01   4.5373231427309413e+01  -1.6612453009015926e+00
   1.5995508162271836e+01  -3.5565709799351950e+01   4.1840671422593104e+01  -1.1398351839919236e+00
   1.6607404742584851e+01  -3.7261213818239597e+01   3.8308111417876802e+01  -6.1842506708225553e-01
   2.3287590476445878e+01  -2.3088658091939486e+01   5.2180822133945462e+01   8.8716581851506238e+00
   2.3899487056758893e+01  -2.4784162110827136e+01   4.8648262129229153e+01   9.3930683020602928e+00
   2.4511383637071912e+01  -2.6479666129714790e+01   4.5115702124512843e+01   9.9144784189699617e+00
   2.5123280217384927e+01  -2.8175170148602440e+01   4.1583142119796534e+01   1.0435888535879631e+01
   2.5735176797697946e+01  -2.9870674167490090e+01   3.8050582115080225e+01   1.0957298652789298e+01
   2.1667129067662941e+01  -2.5519220969971975e+01   5.2669911656688619e+01   6.1833017435085376e+00
   2.2279025647975956e+01  -2.7214724988859629e+01   4.9137351651972310e+01   6.7047118604182065e+00
   2.2890922228288975e+01  -2.8910229007747279e+01   4.5604791647256000e+01   7.2261219773278755e+00
   2.3502818808601990e+01  -3.0605733026634930e+01   4.2072231642539691e+01   7.7475320942375436e+00
   2.4114715388915009e+01  -3.2301237045522583e+01   3.8539671637823382e+01   8.2689422111472126e+00
   2.0046667658880004e+01  -2.7949783848004472e+01   5.3159001179431776e+01   3.4949453018664514e+00
   2.0658564239193019e+01  -2.9645287866892122e+01   4.9626441174715467e+01   4.0163554187761203e+00
   2.1270460819506038e+01  -3.1340791885779772e+01   4.6093881169999158e+01   4.5377655356857893e+00
   2.1882357399819053e+01  -3.3036295904667426e+01   4.2561321165282848e+01   5.0591756525954574e+00
   2.2494253980132072e+01  -3.4731799923555073e+01   3.9028761160566546e+01   5.5805857695051264e+00
   1.8426206250097067e+01  -3.0380346726036962e+01   5.3648090702174940e+01   8.0658886022436516e-01
   1.9038102830410082e+01  -3.2075850744924608e+01   5.0115530697458631e+01   1.3279989771340346e+00
   1.9649999410723101e+01  -3.3771354763812262e+01   4.6582970692742322e+01   1.8494090940437031e+00
   2.0261895991036116e+01  -3.5466858782699916e+01   4.3050410688026012e+01   2.3708192109533721e+00
   2.0873792571349135e+01  -3.7162362801587562e+01   3.9517850683309703e+01   2.8922293278630411e+00
   1.6805744841314130e+01  -3.2810909604069451e+01   5.4137180224918097e+01  -1.8817675814177210e+00
   1.7417641421627145e+01  -3.4506413622957105e+01   5.0604620220201788e+01  -1.3603574645080529e+00
   1.8029538001940161e+01  -3.6201917641844759e+01   4.7072060215485479e+01  -8.3894734759838308e-01
   1.8641434582253179e+01  -3.7897421660732405e+01   4.3539500210769170e+01  -3.1753723068871498e-01
   1.9253331162566198e+01  -3.9592925679620059e+01   4.0006940206052860e+01   2.0387288622095401e-01
   2.5933516896427221e+01  -2.5420369953319948e+01   5.3879650922121520e+01   9.6939561384538333e+00
   2.6545413476740240e+01  -2.7115873972207599e+01   5.0347090917405211e+01   1.0215366255363502e+01
   2.7157310057053259e+01  -2.8811377991095249e+01   4.6814530912688902e+01   1.0736776372273171e+01
   2.7769206637366274e+01  -3.0506882009982899e+01   4.3281970907972592e+01   1.1258186489182840e+01
   2.8381103217679289e+01  -3.2202386028870549e+01   3.9749410903256283e+01   1.1779596606092509e+01
   2.4313055487644284e+01  -2.7850932831352438e+01   5.4368740444864684e+01   7.0055996968117480e+00
   2.4924952067957303e+01  -2.9546436850240088e+01   5.0836180440148375e+01   7.5270098137214170e+00
   2.5536848648270318e+01  -3.1241940869127742e+01   4.7303620435432066e+01   8.0484199306310860e+00
   2.6148745228583337e+01  -3.2937444888015392e+01   4.3771060430715757e+01   8.5698300475407549e+00
   2.6760641808896352e+01  -3.4632948906903046e+01   4.0238500425999447e+01   9.0912401644504222e+00
   2.2692594078861347e+01  -3.0281495709384931e+01   5.4857829967607842e+01   4.3172432551696609e+00
   2.3304490659174366e+01  -3.1976999728272581e+01   5.1325269962891532e+01   4.8386533720793299e+00
   2.3916387239487381e+01  -3.3672503747160235e+01   4.7792709958175223e+01   5.3600634889889989e+00
   2.4528283819800400e+01  -3.5368007766047882e+01   4.4260149953458914e+01   5.8814736058986679e+00
   2.5140180400113415e+01  -3.7063511784935535e+01   4.0727589948742605e+01   6.4028837228083368e+00
   2.1072132670078410e+01  -3.2712058587417424e+01   5.5346919490350999e+01   1.6288868135275751e+00
   2.1684029250391429e+01  -3.4407562606305071e+01   5.1814359485634689e+01   2.1502969304372446e+00
   2.2295925830704444e+01  -3.6103066625192724e+01   4.8281799480918380e+01   2.6717070473469127e+00
   2.2907822411017463e+01  -3.7798570644080371e+01   4.4749239476202071e+01   3.1931171642565817e+00
   2.3519718991330478e+01  -3.9494074662968032e+01   4.1216679471485762e+01   3.7145272811662506e+00
   1.9451671261295473e+01  -3.5142621465449913e+01   5.5836009013094156e+01  -1.0594696281145124e+00
   2.0063567841608489e+01  -3.6838125484337567e+01   5.2303449008377854e+01  -5.3805951120484341e-01
   2.0675464421921507e+01  -3.8533629503225214e+01   4.8770889003661537e+01  -1.6649394295173536e-02
   2.1287361002234523e+01  -4.0229133522112868e+01   4.5238328998945235e+01   5.0476072261449456e-01
   2.1899257582547541e+01  -4.1924637541000521e+01   4.1705768994228919e+01   1.0261708395241635e+00
   2.8579443316408565e+01  -2.7752081814700407e+01   5.5578479710297586e+01   1.0516254091757045e+01
   2.9191339896721583e+01  -2.9447585833588057e+01   5.2045919705581277e+01   1.1037664208666712e+01
   2.9803236477034602e+01  -3.1143089852475711e+01   4.8513359700864967e+01   1.1559074325576383e+01
   3.0415133057347617e+01  -3.2838593871363358e+01   4.4980799696148658e+01   1.2080484442486050e+01
   3.1027029637660632e+01  -3.4534097890251012e+01   4.1448239691432349e+01   1.2601894559395719e+01
   2.6958981907625628e+01  -3.0182644692732897e+01   5.6067569233040743e+01   7.8278976501149575e+00
   2.7570878487938646e+01  -3.1878148711620547e+01   5.2535009228324434e+01   8.3493077670246265e+00
   2.8182775068251665e+01  -3.3573652730508201e+01   4.9002449223608124e+01   8.8707178839342955e+00
   2.8794671648564680e+01  -3.5269156749395847e+01   4.5469889218891815e+01   9.3921280008439645e+00
   2.9406568228877696e+01  -3.6964660768283501e+01   4.1937329214175506e+01   9.9135381177536335e+00
   2.5338520498842691e+01  -3.2613207570765390e+01   5.6556658755783900e+01   5.1395412084728704e+00
   2.5950417079155709e+01  -3.4308711589653043e+01   5.3024098751067591e+01   5.6609513253825394e+00
   2.6562313659468725e+01  -3.6004215608540690e+01   4.9491538746351281e+01   6.1823614422922084e+00
   2.7174210239781743e+01  -3.7699719627428344e+01   4.5958978741634979e+01   6.7037715592018774e+00
   2.7786106820094759e+01  -3.9395223646315998e+01   4.2426418736918663e+01   7.2251816761115464e+00
   2.3718059090059754e+01  -3.5043770448797879e+01   5.7045748278527064e+01   2.4511847668307851e+00
   2.4329955670372772e+01  -3.6739274467685533e+01   5.3513188273810755e+01   2.9725948837404541e+00
   2.4941852250685788e+01  -3.8434778486573180e+01   4.9980628269094446e+01   3.4940050006501231e+00
   2.5553748830998806e+01  -4.0130282505460841e+01   4.6448068264378136e+01   4.0154151175597921e+00
   2.6165645411311822e+01  -4.1825786524348487e+01   4.2915508259661827e+01   4.5368252344694611e+00
   2.2097597681276817e+01  -3.7474333326830376e+01   5.7534837801270221e+01  -2.3717167481130197e-01
   2.2709494261589835e+01  -3.9169837345718022e+01   5.4002277796553912e+01   2.8423844209836702e-01
   2.3321390841902851e+01  -4.0865341364605683e+01   5.0469717791837603e+01   8.0564855900803600e-01
   2.3933287422215869e+01  -4.2560845383493330e+01   4.6937157787121293e+01   1.3270586759177050e+00
   2.4545184002528885e+01  -4.4256349402380977e+01   4.3404597782404984e+01   1.8484687928273740e+00
   3.1225369736389915e+01  -3.0083793676080866e+01   5.7277308498473644e+01   1.1338552045060252e+01
   3.1837266316702930e+01  -3.1779297694968516e+01   5.3744748493757335e+01   1.1859962161969921e+01
   3.2449162897015945e+01  -3.3474801713856166e+01   5.0212188489041026e+01   1.2381372278879592e+01
   3.3061059477328968e+01  -3.5170305732743820e+01   4.6679628484324724e+01   1.2902782395789259e+01
   3.3672956057641983e+01  -3.6865809751631474e+01   4.3147068479608407e+01   1.3424192512698928e+01
   2.9604908327606974e+01  -3.2514356554113363e+01   5.7766398021216808e+01   8.6501956034181671e+00
   3.0216804907919993e+01  -3.4209860573001009e+01   5.4233838016500499e+01   9.1716057203278361e+00
   3.0828701488233008e+01  -3.5905364591888663e+01   5.0701278011784190e+01   9.6930158372375050e+00
   3.1440598068546024e+01  -3.7600868610776310e+01   4.7168718007067881e+01   1.0214425954147174e+01
   3.2052494648859039e+01  -3.9296372629663963e+01   4.3636158002351571e+01   1.0735836071056841e+01
   2.7984446918824037e+01  -3.4944919432145852e+01   5.8255487543959966e+01   5.9618391617760800e+00
   2.8596343499137056e+01  -3.6640423451033499e+01   5.4722927539243656e+01   6.4832492786857490e+00
   2.9208240079450071e+01  -3.8335927469921153e+01   5.1190367534527347e+01   7.0046593955954179e+00
   2.9820136659763087e+01  -4.0031431488808806e+01   4.7657807529811038e+01   7.5260695125050869e+00
   3.0432033240076105e+01  -4.1726935507696453e+01   4.4125247525094728e+01   8.0474796294147559e+00
   2.6363985510041100e+01  -3.7375482310178342e+01   5.8744577066703123e+01   3.2734827201339947e+00
   2.6975882090354119e+01  -3.9070986329065988e+01   5.5212017061986813e+01   3.7948928370436632e+00
   2.7587778670667134e+01  -4.0766490347953649e+01   5.1679457057270504e+01   4.3163029539533326e+00
   2.8199675250980150e+01  -4.2461994366841296e+01   4.8146897052554195e+01   4.8377130708630007e+00
   2.8811571831293168e+01  -4.4157498385728950e+01   4.4614337047837886e+01   5.3591231877726697e+00
   2.4743524101258163e+01  -3.9806045188210831e+01   5.9233666589446287e+01   5.8512627849190757e-01
   2.5355420681571182e+01  -4.1501549207098485e+01   5.5701106584729970e+01   1.1065363954015766e+00
   2.5967317261884197e+01  -4.3197053225986139e+01   5.2168546580013668e+01   1.6279465123112451e+00
   2.6579213842197213e+01  -4.4892557244873785e+01   4.8635986575297359e+01   2.1493566292209145e+00
   2.7191110422510231e+01  -4.6588061263761439e+01   4.5103426570581050e+01   2.6707667461305835e+00
   1.8192427281938404e+01  -2.2091393686761002e+01   5.1111113366342437e+01   1.0846626255782054e+01
   1.8804323862251422e+01  -2.3786897705648652e+01   4.7578553361626135e+01   1.1368036372691723e+01
   1.9416220442564438e+01  -2.5482401724536302e+01   4.4045993356909818e+01   1.1889446489601392e+01
   2.0028117022877453e+01  -2.7177905743423956e+01   4.0513433352193516e+01   1.2410856606511061e+01
   2.0640013603190472e+01  -2.8873409762311606e+01   3.6980873347477200e+01   1.2932266723420728e+01
   1.6571965873155467e+01  -2.4521956564793491e+01   5.1600202889085601e+01   8.1582698141399668e+00
   1.7183862453468485e+01  -2.6217460583681145e+01   4.8067642884369292e+01   8.6796799310496375e+00
   1.7795759033781501e+01  -2.7912964602568795e+01   4.4535082879652983e+01   9.2010900479593047e+00
   1.8407655614094516e+01  -2.9608468621456446e+01   4.1002522874936673e+01   9.7225001648689755e+00
   1.9019552194407535e+01  -3.1303972640344099e+01   3.7469962870220364e+01   1.0243910281778643e+01
   1.4951504464372530e+01  -2.6952519442825984e+01   5.2089292411828758e+01   5.4699133724978806e+00
   1.5563401044685548e+01  -2.8648023461713635e+01   4.8556732407112449e+01   5.9913234894075496e+00
   1.6175297624998564e+01  -3.0343527480601288e+01   4.5024172402396140e+01   6.5127336063172185e+00
   1.6787194205311579e+01  -3.2039031499488942e+01   4.1491612397679830e+01   7.0341437232268875e+00
   1.7399090785624598e+01  -3.3734535518376589e+01   3.7959052392963521e+01   7.5555538401365565e+00
   1.3331043055589593e+01  -2.9383082320858477e+01   5.2578381934571915e+01   2.7815569308557953e+00
   1.3942939635902610e+01  -3.1078586339746128e+01   4.9045821929855606e+01   3.3029670477654642e+00
   1.4554836216215627e+01  -3.2774090358633778e+01   4.5513261925139297e+01   3.8243771646751332e+00
   1.5166732796528644e+01  -3.4469594377521432e+01   4.1980701920422987e+01   4.3457872815848022e+00
   1.5778629376841661e+01  -3.6165098396409078e+01   3.8448141915706685e+01   4.8671973984944712e+00
   1.1710581646806656e+01  -3.1813645198890967e+01   5.3067471457315079e+01   9.3200489213708160e-02
   1.2322478227119671e+01  -3.3509149217778621e+01   4.9534911452598770e+01   6.1461060612337715e-01
   1.2934374807432690e+01  -3.5204653236666275e+01   4.6002351447882461e+01   1.1360207230330461e+00
   1.3546271387745707e+01  -3.6900157255553921e+01   4.2469791443166152e+01   1.6574308399427151e+00
   1.4158167968058724e+01  -3.8595661274441575e+01   3.8937231438449842e+01   2.1788409568523841e+00
   2.0838353701919750e+01  -2.4423105548141461e+01   5.2809942154518502e+01   1.1668924209085263e+01
   2.1450250282232766e+01  -2.6118609567029111e+01   4.9277382149802193e+01   1.2190334325994932e+01
   2.2062146862545781e+01  -2.7814113585916765e+01   4.5744822145085884e+01   1.2711744442904601e+01
   2.2674043442858800e+01  -2.9509617604804411e+01   4.2212262140369575e+01   1.3233154559814270e+01
   2.3285940023171815e+01  -3.1205121623692065e+01   3.8679702135653265e+01   1.3754564676723938e+01
   1.9217892293136813e+01  -2.6853668426173954e+01   5.3299031677261659e+01   8.9805677674431763e+00
   1.9829788873449829e+01  -2.8549172445061604e+01   4.9766471672545350e+01   9.5019778843528471e+00
   2.0441685453762844e+01  -3.0244676463949254e+01   4.6233911667829041e+01   1.0023388001262514e+01
   2.1053582034075863e+01  -3.1940180482836904e+01   4.2701351663112732e+01   1.0544798118172185e+01
   2.1665478614388878e+01  -3.3635684501724555e+01   3.9168791658396422e+01   1.1066208235081852e+01
   1.7597430884353873e+01  -2.9284231304206443e+01   5.3788121200004824e+01   6.2922113258010901e+00
   1.8209327464666892e+01  -3.0979735323094094e+01   5.0255561195288514e+01   6.8136214427107591e+00
   1.8821224044979907e+01  -3.2675239341981751e+01   4.6723001190572205e+01   7.3350315596204281e+00
   1.9433120625292922e+01  -3.4370743360869398e+01   4.3190441185855896e+01   7.8564416765300962e+00
   2.0045017205605941e+01  -3.6066247379757051e+01   3.9657881181139587e+01   8.3778517934397652e+00
   1.5976969475570938e+01  -3.1714794182238936e+01   5.4277210722747981e+01   3.6038548841590048e+00
   1.6588866055883955e+01  -3.3410298201126587e+01   5.0744650718031671e+01   4.1252650010686729e+00
   1.7200762636196970e+01  -3.5105802220014240e+01   4.7212090713315362e+01   4.6466751179783419e+00
   1.7812659216509989e+01  -3.6801306238901887e+01   4.3679530708599053e+01   5.1680852348880109e+00
   1.8424555796823004e+01  -3.8496810257789541e+01   4.0146970703882744e+01   5.6894953517976798e+00
   1.4356508066787999e+01  -3.4145357060271429e+01   5.4766300245491138e+01   9.1549844251691770e-01
   1.4968404647101016e+01  -3.5840861079159076e+01   5.1233740240774829e+01   1.4369085594265867e+00
   1.5580301227414033e+01  -3.7536365098046730e+01   4.7701180236058519e+01   1.9583186763362552e+00
   1.6192197807727048e+01  -3.9231869116934377e+01   4.4168620231342210e+01   2.4797287932459247e+00
   1.6804094388040067e+01  -4.0927373135822037e+01   4.0636060226625901e+01   3.0011389101555932e+00
   2.3484280121901094e+01  -2.6754817409521920e+01   5.4508770942694568e+01   1.2491222162388473e+01
   2.4096176702214109e+01  -2.8450321428409573e+01   5.0976210937978259e+01   1.3012632279298142e+01
   2.4708073282527128e+01  -3.0145825447297224e+01   4.7443650933261949e+01   1.3534042396207811e+01
   2.5319969862840143e+01  -3.1841329466184874e+01   4.3911090928545640e+01   1.4055452513117480e+01
   2.5931866443153162e+01  -3.3536833485072528e+01   4.0378530923829331e+01   1.4576862630027149e+01
   2.1863818713118157e+01  -2.9185380287554413e+01   5.4997860465437725e+01   9.8028657207463876e+00
   2.2475715293431172e+01  -3.0880884306442063e+01   5.1465300460721416e+01   1.0324275837656057e+01
   2.3087611873744191e+01  -3.2576388325329717e+01   4.7932740456005106e+01   1.0845685954565726e+01
   2.3699508454057206e+01  -3.4271892344217363e+01   4.4400180451288797e+01   1.1367096071475395e+01
   2.4311405034370225e+01  -3.5967396363105017e+01   4.0867620446572488e+01   1.1888506188385062e+01
   2.0243357304335220e+01  -3.1615943165586906e+01   5.5486949988180882e+01   7.1145092791043005e+00
   2.0855253884648235e+01  -3.3311447184474559e+01   5.1954389983464573e+01   7.6359193960139695e+00
   2.1467150464961254e+01  -3.5006951203362206e+01   4.8421829978748264e+01   8.1573295129236385e+00
   2.2079047045274269e+01  -3.6702455222249860e+01   4.4889269974031954e+01   8.6787396298333075e+00
   2.2690943625587288e+01  -3.8397959241137514e+01   4.1356709969315645e+01   9.2001497467429765e+00
   1.8622895895552283e+01  -3.4046506043619395e+01   5.5976039510924039e+01   4.4261528374622152e+00
   1.9234792475865298e+01  -3.5742010062507049e+01   5.2443479506207730e+01   4.9475629543718842e+00
   1.9846689056178317e+01  -3.7437514081394696e+01   4.8910919501491421e+01   5.4689730712815532e+00
   2.0458585636491332e+01  -3.9133018100282349e+01   4.5378359496775118e+01   5.9903831881912222e+00
   2.1070482216804351e+01  -4.0828522119170003e+01   4.1845799492058802e+01   6.5117933051008912e+00
   1.7002434486769346e+01  -3.6477068921651892e+01   5.6465129033667196e+01   1.7377963958201281e+00
   1.7614331067082361e+01  -3.8172572940539538e+01   5.2932569028950894e+01   2.2592065127297971e+00
   1.8226227647395380e+01  -3.9868076959427192e+01   4.9400009024234585e+01   2.7806166296394661e+00
   1.8838124227708395e+01  -4.1563580978314846e+01   4.5867449019518276e+01   3.3020267465491346e+00
   1.9450020808021414e+01  -4.3259084997202493e+01   4.2334889014801966e+01   3.8234368634588036e+00
   2.6130206541882437e+01  -2.9086529270902382e+01   5.6207599730870626e+01   1.3313520115691682e+01
   2.6742103122195456e+01  -3.0782033289790029e+01   5.2675039726154317e+01   1.3834930232601351e+01
   2.7353999702508471e+01  -3.2477537308677682e+01   4.9142479721438008e+01   1.4356340349511020e+01
   2.7965896282821490e+01  -3.4173041327565329e+01   4.5609919716721699e+01   1.4877750466420689e+01
   2.8577792863134505e+01  -3.5868545346452990e+01   4.2077359712005389e+01   1.5399160583330358e+01
   2.4509745133099500e+01  -3.1517092148934871e+01   5.6696689253613783e+01   1.0625163674049597e+01
   2.5121641713412519e+01  -3.3212596167822525e+01   5.3164129248897474e+01   1.1146573790959266e+01
   2.5733538293725534e+01  -3.4908100186710172e+01   4.9631569244181165e+01   1.1667983907868935e+01
   2.6345434874038549e+01  -3.6603604205597826e+01   4.6099009239464863e+01   1.2189394024778604e+01
   2.6957331454351568e+01  -3.8299108224485479e+01   4.2566449234748546e+01   1.2710804141688271e+01
   2.2889283724316563e+01  -3.3947655026967368e+01   5.7185778776356941e+01   7.9368072324075101e+00
   2.3501180304629578e+01  -3.5643159045855015e+01   5.3653218771640638e+01   8.4582173493171791e+00
   2.4113076884942597e+01  -3.7338663064742668e+01   5.0120658766924329e+01   8.9796274662268480e+00
   2.4724973465255612e+01  -3.9034167083630315e+01   4.6588098762208020e+01   9.5010375831365170e+00
   2.5336870045568631e+01  -4.0729671102517969e+01   4.3055538757491711e+01   1.0022447700046186e+01
   2.1268822315533626e+01  -3.6378217904999858e+01   5.7674868299100105e+01   5.2484507907654248e+00
   2.1880718895846645e+01  -3.8073721923887504e+01   5.4142308294383795e+01   5.7698609076750929e+00
   2.2492615476159660e+01  -3.9769225942775165e+01   5.0609748289667486e+01   6.2912710245847627e+00
   2.3104512056472675e+01  -4.1464729961662812e+01   4.7077188284951177e+01   6.8126811414944308e+00
   2.3716408636785694e+01  -4.3160233980550458e+01   4.3544628280234868e+01   7.3340912584040998e+00
   1.9648360906750689e+01  -3.8808780783032347e+01   5.8163957821843262e+01   2.5600943491233377e+00
   2.0260257487063704e+01  -4.0504284801920001e+01   5.4631397817126953e+01   3.0815044660330062e+00
   2.0872154067376723e+01  -4.2199788820807655e+01   5.1098837812410643e+01   3.6029145829426756e+00
   2.1484050647689738e+01  -4.3895292839695301e+01   4.7566277807694334e+01   4.1243246998523437e+00
   2.2095947228002757e+01  -4.5590796858582955e+01   4.4033717802978025e+01   4.6457348167620127e+00
   2.8776132961863784e+01  -3.1418241132282841e+01   5.7906428519046685e+01   1.4135818068994892e+01
   2.9388029542176803e+01  -3.3113745151170491e+01   5.4373868514330383e+01   1.4657228185904561e+01
   2.9999926122489818e+01  -3.4809249170058145e+01   5.0841308509614073e+01   1.5178638302814230e+01
   3.0611822702802833e+01  -3.6504753188945799e+01   4.7308748504897764e+01   1.5700048419723897e+01
   3.1223719283115852e+01  -3.8200257207833445e+01   4.3776188500181448e+01   1.6221458536633570e+01
   2.7155671553080847e+01  -3.3848804010315334e+01   5.8395518041789849e+01   1.1447461627352807e+01
   2.7767568133393862e+01  -3.5544308029202980e+01   5.4862958037073540e+01   1.1968871744262476e+01
   2.8379464713706881e+01  -3.7239812048090634e+01   5.1330398032357230e+01   1.2490281861172145e+01
   2.8991361294019896e+01  -3.8935316066978288e+01   4.7797838027640921e+01   1.3011691978081814e+01
   2.9603257874332915e+01  -4.0630820085865942e+01   4.4265278022924612e+01   1.3533102094991481e+01
   2.5535210144297910e+01  -3.6279366888347823e+01   5.8884607564533006e+01   8.7591051857107196e+00
   2.6147106724610925e+01  -3.7974870907235477e+01   5.5352047559816697e+01   9.2805153026203886e+00
   2.6759003304923944e+01  -3.9670374926123131e+01   5.1819487555100388e+01   9.8019254195300576e+00
   2.7370899885236959e+01  -4.1365878945010778e+01   4.8286927550384078e+01   1.0323335536439727e+01
   2.7982796465549978e+01  -4.3061382963898431e+01   4.4754367545667769e+01   1.0844745653349396e+01
   2.3914748735514973e+01  -3.8709929766380313e+01   5.9373697087276163e+01   6.0707487440686334e+00
   2.4526645315827988e+01  -4.0405433785267974e+01   5.5841137082559854e+01   6.5921588609783033e+00
   2.5138541896141007e+01  -4.2100937804155620e+01   5.2308577077843545e+01   7.1135689778879714e+00
   2.5750438476454022e+01  -4.3796441823043267e+01   4.8776017073127242e+01   7.6349790947976404e+00
   2.6362335056767041e+01  -4.5491945841930928e+01   4.5243457068410933e+01   8.1563892117073102e+00
   2.2294287326732036e+01  -4.1140492644412809e+01   5.9862786610019327e+01   3.3823923024265463e+00
   2.2906183907045051e+01  -4.2835996663300463e+01   5.6330226605303018e+01   3.9038024193362153e+00
   2.3518080487358070e+01  -4.4531500682188110e+01   5.2797666600586709e+01   4.4252125362458843e+00
   2.4129977067671085e+01  -4.6227004701075764e+01   4.9265106595870400e+01   4.9466226531555533e+00
   2.4741873647984100e+01  -4.7922508719963417e+01   4.5732546591154090e+01   5.4680327700652223e+00
   1.5743190507412276e+01  -2.3425841142962973e+01   5.1740233386915484e+01   1.3643892279716690e+01
   1.6355087087725295e+01  -2.5121345161850627e+01   4.8207673382199175e+01   1.4165302396626359e+01
   1.6966983668038310e+01  -2.6816849180738277e+01   4.4675113377482866e+01   1.4686712513536030e+01
   1.7578880248351325e+01  -2.8512353199625927e+01   4.1142553372766557e+01   1.5208122630445697e+01
   1.8190776828664344e+01  -3.0207857218513581e+01   3.7609993368050240e+01   1.5729532747355366e+01
   1.4122729098629339e+01  -2.5856404020995466e+01   5.2229322909658642e+01   1.0955535838074605e+01
   1.4734625678942356e+01  -2.7551908039883116e+01   4.8696762904942332e+01   1.1476945954984274e+01
   1.5346522259255371e+01  -2.9247412058770770e+01   4.5164202900226023e+01   1.1998356071893943e+01
   1.5958418839568388e+01  -3.0942916077658417e+01   4.1631642895509714e+01   1.2519766188803612e+01
   1.6570315419881407e+01  -3.2638420096546071e+01   3.8099082890793404e+01   1.3041176305713281e+01
   1.2502267689846402e+01  -2.8286966899027959e+01   5.2718412432401799e+01   8.2671793964325175e+00
   1.3114164270159419e+01  -2.9982470917915606e+01   4.9185852427685489e+01   8.7885895133421865e+00
   1.3726060850472434e+01  -3.1677974936803260e+01   4.5653292422969180e+01   9.3099996302518555e+00
   1.4337957430785451e+01  -3.3373478955690913e+01   4.2120732418252871e+01   9.8314097471615245e+00
   1.4949854011098468e+01  -3.5068982974578560e+01   3.8588172413536562e+01   1.0352819864071193e+01
   1.0881806281063465e+01  -3.0717529777060449e+01   5.3207501955144963e+01   5.5788229547904322e+00
   1.1493702861376480e+01  -3.2413033795948095e+01   4.9674941950428654e+01   6.1002330717001012e+00
   1.2105599441689499e+01  -3.4108537814835756e+01   4.6142381945712344e+01   6.6216431886097702e+00
   1.2717496022002516e+01  -3.5804041833723403e+01   4.2609821940996035e+01   7.1430533055194392e+00
   1.3329392602315533e+01  -3.7499545852611057e+01   3.9077261936279726e+01   7.6644634224291082e+00
   9.2613448722805263e+00  -3.3148092655092938e+01   5.3696591477888120e+01   2.8904665131483451e+00
   9.8732414525935432e+00  -3.4843596673980592e+01   5.0164031473171811e+01   3.4118766300580141e+00
   1.0485138032906562e+01  -3.6539100692868246e+01   4.6631471468455501e+01   3.9332867469676831e+00
   1.1097034613219577e+01  -3.8234604711755892e+01   4.3098911463739192e+01   4.4546968638773521e+00
   1.1708931193532592e+01  -3.9930108730643553e+01   3.9566351459022883e+01   4.9761069807870211e+00
   1.8389116927393619e+01  -2.5757553004343436e+01   5.3439062175091543e+01   1.4466190233019899e+01
   1.9001013507706638e+01  -2.7453057023231086e+01   4.9906502170375234e+01   1.4987600349929568e+01
   1.9612910088019653e+01  -2.9148561042118736e+01   4.6373942165658924e+01   1.5509010466839237e+01
   2.0224806668332668e+01  -3.0844065061006390e+01   4.2841382160942615e+01   1.6030420583748906e+01
   2.0836703248645687e+01  -3.2539569079894036e+01   3.9308822156226306e+01   1.6551830700658577e+01
   1.6768655518610682e+01  -2.8188115882375925e+01   5.3928151697834700e+01   1.1777833791377814e+01
   1.7380552098923701e+01  -2.9883619901263579e+01   5.0395591693118391e+01   1.2299243908287483e+01
   1.7992448679236716e+01  -3.1579123920151229e+01   4.6863031688402081e+01   1.2820654025197152e+01
   1.8604345259549731e+01  -3.3274627939038879e+01   4.3330471683685779e+01   1.3342064142106821e+01
   1.9216241839862750e+01  -3.4970131957926533e+01   3.9797911678969470e+01   1.3863474259016490e+01
   1.5148194109827745e+01  -3.0618678760408418e+01   5.4417241220577864e+01   9.0894773497357271e+00
   1.5760090690140762e+01  -3.2314182779296068e+01   5.0884681215861555e+01   9.6108874666453961e+00
   1.6371987270453779e+01  -3.4009686798183722e+01   4.7352121211145246e+01   1.0132297583555065e+01
   1.6983883850766794e+01  -3.5705190817071369e+01   4.3819561206428936e+01   1.0653707700464734e+01
   1.7595780431079813e+01  -3.7400694835959023e+01   4.0287001201712627e+01   1.1175117817374403e+01
   1.3527732701044808e+01  -3.3049241638440904e+01   5.4906330743321021e+01   6.4011209080936418e+00
   1.4139629281357825e+01  -3.4744745657328558e+01   5.1373770738604712e+01   6.9225310250033107e+00
   1.4751525861670842e+01  -3.6440249676216212e+01   4.7841210733888403e+01   7.4439411419129797e+00
   1.5363422441983859e+01  -3.8135753695103858e+01   4.4308650729172093e+01   7.9653512588226487e+00
   1.5975319022296876e+01  -3.9831257713991512e+01   4.0776090724455784e+01   8.4867613757323177e+00
   1.1907271292261871e+01  -3.5479804516473401e+01   5.5395420266064178e+01   3.7127644664515547e+00
   1.2519167872574887e+01  -3.7175308535361054e+01   5.1862860261347869e+01   4.2341745833612237e+00
   1.3131064452887903e+01  -3.8870812554248701e+01   4.8330300256631560e+01   4.7555847002708926e+00
   1.3742961033200920e+01  -4.0566316573136362e+01   4.4797740251915258e+01   5.2769948171805607e+00
   1.4354857613513937e+01  -4.2261820592024009e+01   4.1265180247198941e+01   5.7984049340902297e+00
   2.1035043347374966e+01  -2.8089264865723898e+01   5.5137890963267608e+01   1.5288488186323111e+01
   2.1646939927687981e+01  -2.9784768884611545e+01   5.1605330958551299e+01   1.5809898303232778e+01
   2.2258836508001000e+01  -3.1480272903499198e+01   4.8072770953834990e+01   1.6331308420142449e+01
   2.2870733088314015e+01  -3.3175776922386845e+01   4.4540210949118681e+01   1.6852718537052116e+01
   2.3482629668627030e+01  -3.4871280941274506e+01   4.1007650944402371e+01   1.7374128653961787e+01
   1.9414581938592029e+01  -3.0519827743756387e+01   5.5626980486010766e+01   1.2600131744681025e+01
   2.0026478518905044e+01  -3.2215331762644034e+01   5.2094420481294456e+01   1.3121541861590693e+01
   2.0638375099218063e+01  -3.3910835781531688e+01   4.8561860476578147e+01   1.3642951978500363e+01
   2.1250271679531078e+01  -3.5606339800419335e+01   4.5029300471861838e+01   1.4164362095410031e+01
   2.1862168259844097e+01  -3.7301843819306995e+01   4.1496740467145528e+01   1.4685772212319700e+01
   1.7794120529809092e+01  -3.2950390621788884e+01   5.6116070008753923e+01   9.9117753030389366e+00
   1.8406017110122107e+01  -3.4645894640676531e+01   5.2583510004037613e+01   1.0433185419948607e+01
   1.9017913690435122e+01  -3.6341398659564184e+01   4.9050949999321304e+01   1.0954595536858276e+01
   1.9629810270748141e+01  -3.8036902678451831e+01   4.5518389994605002e+01   1.1476005653767945e+01
   2.0241706851061156e+01  -3.9732406697339485e+01   4.1985829989888686e+01   1.1997415770677613e+01
   1.6173659121026155e+01  -3.5380953499821373e+01   5.6605159531497080e+01   7.2234188613968522e+00
   1.6785555701339170e+01  -3.7076457518709020e+01   5.3072599526780778e+01   7.7448289783065203e+00
   1.7397452281652185e+01  -3.8771961537596674e+01   4.9540039522064468e+01   8.2662390952161893e+00
   1.8009348861965204e+01  -4.0467465556484321e+01   4.6007479517348159e+01   8.7876492121258583e+00
   1.8621245442278219e+01  -4.2162969575371974e+01   4.2474919512631843e+01   9.3090593290355272e+00
   1.4553197712243215e+01  -3.7811516377853863e+01   5.7094249054240244e+01   4.5350624197547651e+00
   1.5165094292556233e+01  -3.9507020396741517e+01   5.3561689049523935e+01   5.0564725366644341e+00
   1.5776990872869249e+01  -4.1202524415629171e+01   5.0029129044807625e+01   5.5778826535741031e+00
   1.6388887453182264e+01  -4.2898028434516817e+01   4.6496569040091316e+01   6.0992927704837712e+00
   1.7000784033495282e+01  -4.4593532453404471e+01   4.2964009035375007e+01   6.6207028873934402e+00
   2.3680969767356309e+01  -3.0420976727104353e+01   5.6836719751443667e+01   1.6110786139626320e+01
   2.4292866347669325e+01  -3.2116480745992007e+01   5.3304159746727358e+01   1.6632196256535988e+01
   2.4904762927982343e+01  -3.3811984764879654e+01   4.9771599742011048e+01   1.7153606373445655e+01
   2.5516659508295358e+01  -3.5507488783767307e+01   4.6239039737294739e+01   1.7675016490355326e+01
   2.6128556088608377e+01  -3.7202992802654961e+01   4.2706479732578430e+01   1.8196426607264996e+01
   2.2060508358573372e+01  -3.2851539605136850e+01   5.7325809274186824e+01   1.3422429697984233e+01
   2.2672404938886388e+01  -3.4547043624024496e+01   5.3793249269470522e+01   1.3943839814893902e+01
   2.3284301519199406e+01  -3.6242547642912150e+01   5.0260689264754213e+01   1.4465249931803571e+01
   2.3896198099512421e+01  -3.7938051661799804e+01   4.6728129260037903e+01   1.4986660048713240e+01
   2.4508094679825440e+01  -3.9633555680687451e+01   4.3195569255321587e+01   1.5508070165622909e+01
   2.0440046949790435e+01  -3.5282102483169339e+01   5.7814898796929988e+01   1.0734073256342146e+01
   2.1051943530103451e+01  -3.6977606502056986e+01   5.4282338792213679e+01   1.1255483373251813e+01
   2.1663840110416469e+01  -3.8673110520944640e+01   5.0749778787497370e+01   1.1776893490161484e+01
   2.2275736690729484e+01  -4.0368614539832294e+01   4.7217218782781060e+01   1.2298303607071153e+01
   2.2887633271042503e+01  -4.2064118558719947e+01   4.3684658778064751e+01   1.2819713723980822e+01
   1.8819585541007498e+01  -3.7712665361201829e+01   5.8303988319673145e+01   8.0457168147000608e+00
   1.9431482121320514e+01  -3.9408169380089483e+01   5.4771428314956836e+01   8.5671269316097298e+00
   2.0043378701633532e+01  -4.1103673398977136e+01   5.1238868310240527e+01   9.0885370485193988e+00
   2.0655275281946547e+01  -4.2799177417864783e+01   4.7706308305524217e+01   9.6099471654290660e+00
   2.1267171862259566e+01  -4.4494681436752437e+01   4.4173748300807908e+01   1.0131357282338737e+01
   1.7199124132224561e+01  -4.0143228239234325e+01   5.8793077842416302e+01   5.3573603730579729e+00
   1.7811020712537577e+01  -4.1838732258121979e+01   5.5260517837699993e+01   5.8787704899676418e+00
   1.8422917292850592e+01  -4.3534236277009626e+01   5.1727957832983684e+01   6.4001806068773108e+00
   1.9034813873163611e+01  -4.5229740295897280e+01   4.8195397828267382e+01   6.9215907237869798e+00
   1.9646710453476626e+01  -4.6925244314784933e+01   4.4662837823551065e+01   7.4430008406966488e+00
   2.6326896187337653e+01  -3.2752688588484816e+01   5.8535548539619732e+01   1.6933084092929530e+01
   2.6938792767650671e+01  -3.4448192607372462e+01   5.5002988534903423e+01   1.7454494209839197e+01
   2.7550689347963690e+01  -3.6143696626260123e+01   5.1470428530187114e+01   1.7975904326748868e+01
   2.8162585928276705e+01  -3.7839200645147770e+01   4.7937868525470805e+01   1.8497314443658535e+01
   2.8774482508589720e+01  -3.9534704664035424e+01   4.4405308520754495e+01   1.9018724560568206e+01
   2.4706434778554716e+01  -3.5183251466517305e+01   5.9024638062362889e+01   1.4244727651287443e+01
   2.5318331358867734e+01  -3.6878755485404959e+01   5.5492078057646580e+01   1.4766137768197112e+01
   2.5930227939180750e+01  -3.8574259504292613e+01   5.1959518052930271e+01   1.5287547885106781e+01
   2.6542124519493768e+01  -4.0269763523180259e+01   4.8426958048213962e+01   1.5808958002016450e+01
   2.7154021099806783e+01  -4.1965267542067920e+01   4.4894398043497652e+01   1.6330368118926121e+01
   2.3085973369771779e+01  -3.7613814344549802e+01   5.9513727585106047e+01   1.1556371209645356e+01
   2.3697869950084797e+01  -3.9309318363437448e+01   5.5981167580389737e+01   1.2077781326555025e+01
   2.4309766530397813e+01  -4.1004822382325102e+01   5.2448607575673428e+01   1.2599191443464694e+01
   2.4921663110710831e+01  -4.2700326401212756e+01   4.8916047570957119e+01   1.3120601560374363e+01
   2.5533559691023846e+01  -4.4395830420100410e+01   4.5383487566240809e+01   1.3642011677284032e+01
   2.1465511960988842e+01  -4.0044377222582291e+01   6.0002817107849211e+01   8.8680147680032704e+00
   2.2077408541301860e+01  -4.1739881241469938e+01   5.6470257103132901e+01   9.3894248849129394e+00
   2.2689305121614876e+01  -4.3435385260357592e+01   5.2937697098416592e+01   9.9108350018226083e+00
   2.3301201701927894e+01  -4.5130889279245245e+01   4.9405137093700283e+01   1.0432245118732277e+01
   2.3913098282240909e+01  -4.6826393298132899e+01   4.5872577088983974e+01   1.0953655235641946e+01
   1.9845050552205905e+01  -4.2474940100614788e+01   6.0491906630592368e+01   6.1796583263611833e+00
   2.0456947132518920e+01  -4.4170444119502434e+01   5.6959346625876059e+01   6.7010684432708523e+00
   2.1068843712831939e+01  -4.5865948138390088e+01   5.3426786621159749e+01   7.2224785601805213e+00
   2.1680740293144954e+01  -4.7561452157277742e+01   4.9894226616443440e+01   7.7438886770901902e+00
   2.2292636873457973e+01  -4.9256956176165389e+01   4.6361666611727131e+01   8.2652987939998592e+00
   1.3293953732886147e+01  -2.4760288599164952e+01   5.2369353407488525e+01   1.6441158303651331e+01
   1.3905850313199164e+01  -2.6455792618052602e+01   4.8836793402772216e+01   1.6962568420560999e+01
   1.4517746893512181e+01  -2.8151296636940252e+01   4.5304233398055906e+01   1.7483978537470669e+01
   1.5129643473825197e+01  -2.9846800655827902e+01   4.1771673393339597e+01   1.8005388654380337e+01
   1.5741540054138214e+01  -3.1542304674715552e+01   3.8239113388623288e+01   1.8526798771290007e+01
   1.1673492324103211e+01  -2.7190851477197441e+01   5.2858442930231682e+01   1.3752801862009246e+01
   1.2285388904416227e+01  -2.8886355496085095e+01   4.9325882925515373e+01   1.4274211978918913e+01
   1.2897285484729245e+01  -3.0581859514972741e+01   4.5793322920799064e+01   1.4795622095828584e+01
   1.3509182065042260e+01  -3.2277363533860395e+01   4.2260762916082754e+01   1.5317032212738251e+01
   1.4121078645355277e+01  -3.3972867552748042e+01   3.8728202911366445e+01   1.5838442329647922e+01
   1.0053030915320273e+01  -2.9621414355229930e+01   5.3347532452974839e+01   1.1064445420367157e+01
   1.0664927495633288e+01  -3.1316918374117584e+01   4.9814972448258530e+01   1.1585855537276828e+01
   1.1276824075946307e+01  -3.3012422393005238e+01   4.6282412443542221e+01   1.2107265654186497e+01
   1.1888720656259324e+01  -3.4707926411892885e+01   4.2749852438825918e+01   1.2628675771096166e+01
   1.2500617236572339e+01  -3.6403430430780539e+01   3.9217292434109609e+01   1.3150085888005833e+01
   8.4325695065373356e+00  -3.2051977233262420e+01   5.3836621975718003e+01   8.3760889787250719e+00
   9.0444660868503526e+00  -3.3747481252150074e+01   5.0304061971001694e+01   8.8974990956347426e+00
   9.6563626671633713e+00  -3.5442985271037728e+01   4.6771501966285385e+01   9.4189092125444098e+00
   1.0268259247476387e+01  -3.7138489289925374e+01   4.3238941961569076e+01   9.9403193294540788e+00
   1.0880155827789402e+01  -3.8833993308813028e+01   3.9706381956852766e+01   1.0461729446363748e+01
   6.8121080977543969e+00  -3.4482540111294917e+01   5.4325711498461160e+01   5.6877325370829857e+00
   7.4240046780674138e+00  -3.6178044130182570e+01   5.0793151493744851e+01   6.2091426539926546e+00
   8.0359012583804326e+00  -3.7873548149070217e+01   4.7260591489028542e+01   6.7305527709023227e+00
   8.6477978386934478e+00  -3.9569052167957871e+01   4.3728031484312233e+01   7.2519628878119917e+00
   9.2596944190064647e+00  -4.1264556186845525e+01   4.0195471479595923e+01   7.7733730047216607e+00
   1.5939880152867492e+01  -2.7092000460545410e+01   5.4068182195664583e+01   1.7263456256954541e+01
   1.6551776733180510e+01  -2.8787504479433061e+01   5.0535622190948274e+01   1.7784866373864212e+01
   1.7163673313493526e+01  -3.0483008498320714e+01   4.7003062186231965e+01   1.8306276490773879e+01
   1.7775569893806541e+01  -3.2178512517208361e+01   4.3470502181515656e+01   1.8827686607683546e+01
   1.8387466474119559e+01  -3.3874016536096015e+01   3.9937942176799346e+01   1.9349096724593217e+01
   1.4319418744084555e+01  -2.9522563338577900e+01   5.4557271718407748e+01   1.4575099815312456e+01
   1.4931315324397572e+01  -3.1218067357465550e+01   5.1024711713691438e+01   1.5096509932222125e+01
   1.5543211904710589e+01  -3.2913571376353204e+01   4.7492151708975129e+01   1.5617920049131794e+01
   1.6155108485023604e+01  -3.4609075395240851e+01   4.3959591704258820e+01   1.6139330166041461e+01
   1.6767005065336622e+01  -3.6304579414128504e+01   4.0427031699542511e+01   1.6660740282951132e+01
   1.2698957335301616e+01  -3.1953126216610393e+01   5.5046361241150905e+01   1.1886743373670368e+01
   1.3310853915614633e+01  -3.3648630235498047e+01   5.1513801236434595e+01   1.2408153490580037e+01
   1.3922750495927650e+01  -3.5344134254385693e+01   4.7981241231718286e+01   1.2929563607489706e+01
   1.4534647076240667e+01  -3.7039638273273347e+01   4.4448681227001977e+01   1.3450973724399375e+01
   1.5146543656553684e+01  -3.8735142292161001e+01   4.0916121222285668e+01   1.3972383841309044e+01
   1.1078495926518681e+01  -3.4383689094642882e+01   5.5535450763894062e+01   9.1983869320282832e+00
   1.1690392506831696e+01  -3.6079193113530536e+01   5.2002890759177752e+01   9.7197970489379522e+00
   1.2302289087144715e+01  -3.7774697132418183e+01   4.8470330754461443e+01   1.0241207165847619e+01
   1.2914185667457730e+01  -3.9470201151305837e+01   4.4937770749745134e+01   1.0762617282757290e+01
   1.3526082247770747e+01  -4.1165705170193490e+01   4.1405210745028825e+01   1.1284027399666957e+01
   9.4580345177357419e+00  -3.6814251972675379e+01   5.6024540286637219e+01   6.5100304903861961e+00
   1.0069931098048757e+01  -3.8509755991563026e+01   5.2491980281920917e+01   7.0314406072958651e+00
   1.0681827678361776e+01  -4.0205260010450687e+01   4.8959420277204600e+01   7.5528507242055340e+00
   1.1293724258674793e+01  -4.1900764029338333e+01   4.5426860272488298e+01   8.0742608411152013e+00
   1.1905620838987808e+01  -4.3596268048225980e+01   4.1894300267771982e+01   8.5956709580248720e+00
   1.8585806572848838e+01  -2.9423712321925869e+01   5.5767010983840649e+01   1.8085754210257750e+01
   1.9197703153161854e+01  -3.1119216340813519e+01   5.2234450979124340e+01   1.8607164327167418e+01
   1.9809599733474869e+01  -3.2814720359701170e+01   4.8701890974408030e+01   1.9128574444077088e+01
   2.0421496313787888e+01  -3.4510224378588823e+01   4.5169330969691721e+01   1.9649984560986756e+01
   2.1033392894100903e+01  -3.6205728397476477e+01   4.1636770964975412e+01   2.0171394677896426e+01
   1.6965345164065898e+01  -3.1854275199958359e+01   5.6256100506583806e+01   1.5397397768615663e+01
   1.7577241744378917e+01  -3.3549779218846012e+01   5.2723540501867497e+01   1.5918807885525332e+01
   1.8189138324691932e+01  -3.5245283237733659e+01   4.9190980497151187e+01   1.6440218002435003e+01
   1.8801034905004947e+01  -3.6940787256621313e+01   4.5658420492434878e+01   1.6961628119344670e+01
   1.9412931485317966e+01  -3.8636291275508967e+01   4.2125860487718569e+01   1.7483038236254341e+01
   1.5344883755282961e+01  -3.4284838077990855e+01   5.6745190029326963e+01   1.2709041326973576e+01
   1.5956780335595980e+01  -3.5980342096878502e+01   5.3212630024610661e+01   1.3230451443883245e+01
   1.6568676915908995e+01  -3.7675846115766156e+01   4.9680070019894345e+01   1.3751861560792914e+01
   1.7180573496222010e+01  -3.9371350134653810e+01   4.6147510015178042e+01   1.4273271677702583e+01
   1.7792470076535029e+01  -4.1066854153541456e+01   4.2614950010461726e+01   1.4794681794612252e+01
   1.3724422346500024e+01  -3.6715400956023345e+01   5.7234279552070127e+01   1.0020684885331491e+01
   1.4336318926813043e+01  -3.8410904974910991e+01   5.3701719547353818e+01   1.0542095002241160e+01
   1.4948215507126058e+01  -4.0106408993798645e+01   5.0169159542637509e+01   1.1063505119150829e+01
   1.5560112087439075e+01  -4.1801913012686299e+01   4.6636599537921199e+01   1.1584915236060498e+01
   1.6172008667752092e+01  -4.3497417031573953e+01   4.3104039533204890e+01   1.2106325352970167e+01
   1.2103960937717087e+01  -3.9145963834055834e+01   5.7723369074813284e+01   7.3323284436894038e+00
   1.2715857518030104e+01  -4.0841467852943488e+01   5.4190809070096975e+01   7.8537385605990728e+00
   1.3327754098343121e+01  -4.2536971871831142e+01   5.0658249065380666e+01   8.3751486775087418e+00
   1.3939650678656138e+01  -4.4232475890718788e+01   4.7125689060664357e+01   8.8965587944184108e+00
   1.4551547258969155e+01  -4.5927979909606442e+01   4.3593129055948047e+01   9.4179689113280798e+00
   2.1231732992830182e+01  -3.1755424183306332e+01   5.7465839772016707e+01   1.8908052163560960e+01
   2.1843629573143197e+01  -3.3450928202193978e+01   5.3933279767300405e+01   1.9429462280470631e+01
   2.2455526153456212e+01  -3.5146432221081632e+01   5.0400719762584089e+01   1.9950872397380298e+01
   2.3067422733769231e+01  -3.6841936239969286e+01   4.6868159757867787e+01   2.0472282514289965e+01
   2.3679319314082246e+01  -3.8537440258856932e+01   4.3335599753151470e+01   2.0993692631199636e+01
   1.9611271584047245e+01  -3.4185987061338821e+01   5.7954929294759864e+01   1.6219695721918875e+01
   2.0223168164360260e+01  -3.5881491080226468e+01   5.4422369290043562e+01   1.6741105838828542e+01
   2.0835064744673275e+01  -3.7576995099114129e+01   5.0889809285327253e+01   1.7262515955738209e+01
   2.1446961324986294e+01  -3.9272499118001775e+01   4.7357249280610944e+01   1.7783926072647880e+01
   2.2058857905299309e+01  -4.0968003136889429e+01   4.3824689275894634e+01   1.8305336189557551e+01
   1.7990810175264308e+01  -3.6616549939371311e+01   5.8444018817503029e+01   1.3531339280276788e+01
   1.8602706755577323e+01  -3.8312053958258964e+01   5.4911458812786719e+01   1.4052749397186457e+01
   1.9214603335890338e+01  -4.0007557977146618e+01   5.1378898808070410e+01   1.4574159514096126e+01
   1.9826499916203357e+01  -4.1703061996034265e+01   4.7846338803354101e+01   1.5095569631005795e+01
   2.0438396496516372e+01  -4.3398566014921926e+01   4.4313778798637792e+01   1.5616979747915462e+01
   1.6370348766481367e+01  -3.9047112817403807e+01   5.8933108340246186e+01   1.0842982838634700e+01
   1.6982245346794386e+01  -4.0742616836291454e+01   5.5400548335529876e+01   1.1364392955544371e+01
   1.7594141927107401e+01  -4.2438120855179108e+01   5.1867988330813567e+01   1.1885803072454040e+01
   1.8206038507420416e+01  -4.4133624874066761e+01   4.8335428326097258e+01   1.2407213189363709e+01
   1.8817935087733435e+01  -4.5829128892954415e+01   4.4802868321380949e+01   1.2928623306273376e+01
   1.4749887357698430e+01  -4.1477675695436304e+01   5.9422197862989350e+01   8.1546263969926152e+00
   1.5361783938011449e+01  -4.3173179714323950e+01   5.5889637858273034e+01   8.6760365139022841e+00
   1.5973680518324464e+01  -4.4868683733211604e+01   5.2357077853556731e+01   9.1974466308119531e+00
   1.6585577098637479e+01  -4.6564187752099258e+01   4.8824517848840422e+01   9.7188567477216203e+00
   1.7197473678950498e+01  -4.8259691770986905e+01   4.5291957844124113e+01   1.0240266864631291e+01
   2.3877659412811525e+01  -3.4087136044686787e+01   5.9164668560192773e+01   1.9730350116864170e+01
   2.4489555993124544e+01  -3.5782640063574441e+01   5.5632108555476464e+01   2.0251760233773837e+01
   2.5101452573437559e+01  -3.7478144082462094e+01   5.2099548550760154e+01   2.0773170350683507e+01
   2.5713349153750578e+01  -3.9173648101349741e+01   4.8566988546043845e+01   2.1294580467593175e+01
   2.6325245734063593e+01  -4.0869152120237395e+01   4.5034428541327536e+01   2.1815990584502845e+01
   2.2257198004028588e+01  -3.6517698922719283e+01   5.9653758082935930e+01   1.7041993675222084e+01
   2.2869094584341607e+01  -3.8213202941606937e+01   5.6121198078219621e+01   1.7563403792131751e+01
   2.3480991164654622e+01  -3.9908706960494584e+01   5.2588638073503311e+01   1.8084813909041422e+01
   2.4092887744967637e+01  -4.1604210979382238e+01   4.9056078068787002e+01   1.8606224025951089e+01
   2.4704784325280656e+01  -4.3299714998269891e+01   4.5523518064070693e+01   1.9127634142860760e+01
   2.0636736595245651e+01  -3.8948261800751773e+01   6.0142847605679094e+01   1.4353637233579997e+01
   2.1248633175558666e+01  -4.0643765819639427e+01   5.6610287600962778e+01   1.4875047350489666e+01
   2.1860529755871685e+01  -4.2339269838527080e+01   5.3077727596246476e+01   1.5396457467399337e+01
   2.2472426336184700e+01  -4.4034773857414734e+01   4.9545167591530166e+01   1.5917867584309004e+01
   2.3084322916497719e+01  -4.5730277876302381e+01   4.6012607586813857e+01   1.6439277701218671e+01
   1.9016275186462714e+01  -4.1378824678784262e+01   6.0631937128422251e+01   1.1665280791937912e+01
   1.9628171766775729e+01  -4.3074328697671916e+01   5.7099377123705942e+01   1.2186690908847581e+01
   2.0240068347088748e+01  -4.4769832716559570e+01   5.3566817118989633e+01   1.2708101025757250e+01
   2.0851964927401763e+01  -4.6465336735447224e+01   5.0034257114273323e+01   1.3229511142666919e+01
   2.1463861507714782e+01  -4.8160840754334870e+01   4.6501697109557014e+01   1.3750921259576588e+01
   1.7395813777679777e+01  -4.3809387556816759e+01   6.1121026651165408e+01   8.9769243502958247e+00
   1.8007710357992792e+01  -4.5504891575704406e+01   5.7588466646449099e+01   9.4983344672054955e+00
   1.8619606938305811e+01  -4.7200395594592067e+01   5.4055906641732790e+01   1.0019744584115163e+01
   1.9231503518618826e+01  -4.8895899613479713e+01   5.0523346637016481e+01   1.0541154701024832e+01
   1.9843400098931845e+01  -5.0591403632367360e+01   4.6990786632300171e+01   1.1062564817934501e+01