   2.3090900830990662e+01  -1.9422498774357052e+01
   2.2616656969825840e+01  -1.5450711675311149e+01
   2.2142413108661017e+01  -1.1478924576265245e+01
   2.1668169247496195e+01  -7.5071374772193415e+00
   2.1193925386331369e+01  -3.5353503781734368e+00
   2.7062687930036567e+01  -1.8948254913192230e+01
   2.6588444068871745e+01  -1.4976467814146325e+01
   2.6114200207706922e+01  -1.1004680715100422e+01
   2.5639956346542096e+01  -7.0328936160545190e+00
   2.5165712485377274e+01  -3.0611065170086142e+00
   3.1034475029082472e+01  -1.8474011052027407e+01
   3.0560231167917649e+01  -1.4502223952981502e+01
   3.0085987306752827e+01  -1.0530436853935599e+01
   2.9611743445588004e+01  -6.5586497548896947e+00
   2.9137499584423182e+01  -2.5868626558437917e+00
   3.5006262128128377e+01  -1.7999767190862585e+01
   3.4532018266963554e+01  -1.4027980091816680e+01
   3.4057774405798725e+01  -1.0056192992770777e+01
   3.3583530544633902e+01  -6.0844058937248722e+00
   3.3109286683469080e+01  -2.1126187946789692e+00
   3.8978049227174282e+01  -1.7525523329697759e+01
   3.8503805366009459e+01  -1.3553736230651857e+01
   3.8029561504844636e+01  -9.5819491316059526e+00
   3.7555317643679814e+01  -5.6101620325600496e+00
   3.7081073782514991e+01  -1.6383749335141466e+00