  -7.0460981187257730e+01   2.9115504663850103e+01  -7.3211017999881335e+01  -6.8568725663897226e+01   3.4639747942853916e+00
  -6.8999851336808206e+01   3.0130472110395708e+01  -7.5293873945670143e+01  -6.5671416671173219e+01   3.3660620149821279e+00
  -6.9930301799248028e+01   3.1760102790198644e+01  -7.1301788378310150e+01  -6.8465642579602829e+01   1.2332729255671855e+00
  -6.8469171948798504e+01   3.2775070236744249e+01  -7.3384644324098957e+01  -6.5568333586878822e+01   1.1353601462639222e+00
  -6.8631128652490247e+01   3.0576411084739480e+01  -7.2198843045470142e+01  -6.9174087802525747e+01   6.4695970648288803e+00
  -6.7169998802040723e+01   3.1591378531285084e+01  -7.4281698991258949e+01  -6.6276778809801741e+01   6.3716842855256157e+00
  -6.8100449264480545e+01   3.3221009211088024e+01  -7.0289613423898970e+01  -6.9071004718231350e+01   4.2388951961106738e+00
  -6.9251629946972358e+01   2.6932095422623995e+01  -7.0760424868830313e+01  -6.6655901615973931e+01   3.3489717913656465e+00
  -6.7790500096522834e+01   2.7947062869169596e+01  -7.2843280814619121e+01  -6.3758592623249918e+01   3.2510590120623828e+00
  -6.8720950558962642e+01   2.9576693548972532e+01  -6.8851195247259142e+01  -6.6552818531679534e+01   1.1182699226474404e+00
  -6.7421777412204875e+01   2.8393001843513371e+01  -6.9748249914419119e+01  -6.7261263754602453e+01   6.3545940619091343e+00
  -6.7514810318843573e+01   2.8124670213853982e+01  -7.4156524789341717e+01  -7.0433383777658136e+01   2.0947684925621517e+00
  -6.6053680468394049e+01   2.9139637660399586e+01  -7.6239380735130524e+01  -6.7536074784934129e+01   1.9968557132588882e+00
  -6.6984130930833871e+01   3.0769268340202522e+01  -7.2247295167770545e+01  -7.0330300693363739e+01  -1.3593337615605439e-01
  -6.5684957784076090e+01   2.9585576634743358e+01  -7.3144349834930537e+01  -7.1038745916286658e+01   5.1003907631056400e+00
  -6.6305459078558201e+01   2.5941260972627873e+01  -7.1705931658290709e+01  -6.8520559729734842e+01   1.9797654896424066e+00