  -1.2338289743986479e+01  -6.4923305777962454e+01   1.5763787001078583e+01
  -1.0791591371411727e+01  -6.5300966189805919e+01   1.8698879279470418e+01
  -8.9019683420841140e+00  -6.5762359195797629e+01   2.2284722557509305e+01
  -6.7638720945226467e+00  -6.6284422400707342e+01   2.6342081056070036e+01
  -4.4249109904030188e+00  -6.6855531176361637e+01   3.0780610764181290e+01
  -1.0899407591169641e+01  -6.1933361557169370e+01   1.5390261055626652e+01
  -9.3527092185948888e+00  -6.2311021969012828e+01   1.8325353334018487e+01
  -7.4630861892672762e+00  -6.2772414975004537e+01   2.1911196612057378e+01
  -5.3249899417058089e+00  -6.3294478179914258e+01   2.5968555110618105e+01
  -2.9860288375861810e+00  -6.3865586955568553e+01   3.0407084818729356e+01
  -9.1415051451193321e+00  -5.8280504894101696e+01   1.4933919185037903e+01
  -7.5948067725445796e+00  -5.8658165305945154e+01   1.7869011463429739e+01
  -5.7051837432169688e+00  -5.9119558311936864e+01   2.1454854741468630e+01
  -3.5670874956555014e+00  -5.9641621516846584e+01   2.5512213240029357e+01
  -1.2281263915358736e+00  -6.0212730292500872e+01   2.9950742948140608e+01
  -7.1524498864010333e+00  -5.4147321183399356e+01   1.4417571307197861e+01
  -5.6057515138262808e+00  -5.4524981595242814e+01   1.7352663585589696e+01
  -3.7161284844986682e+00  -5.4986374601234523e+01   2.0938506863628582e+01
  -1.5780322369372008e+00  -5.5508437806144244e+01   2.4995865362189313e+01
   7.6092886718242703e-01  -5.6079546581798539e+01   2.9434395070300564e+01
  -4.9765315247310404e+00  -4.9625842813779940e+01   1.3852714788769378e+01
  -3.4298331521562879e+00  -5.0003503225623405e+01   1.6787807067161214e+01
  -1.5402101228286753e+00  -5.0464896231615114e+01   2.0373650345200101e+01
   5.9788612473279201e-01  -5.0986959436524828e+01   2.4431008843760829e+01
   2.9368472288524199e+00  -5.1558068212179123e+01   2.8869538551872083e+01
  -1.4924215539452067e+01  -6.3485503255031432e+01   1.7311489042969527e+01
  -1.3377517166877315e+01  -6.3863163666874897e+01   2.0246581321361365e+01
  -1.1487894137549702e+01  -6.4324556672866606e+01   2.3832424599400252e+01
  -9.3497978899882366e+00  -6.4846619877776320e+01   2.7889783097960983e+01
  -7.0108367858686087e+00  -6.5417728653430615e+01   3.2328312806072233e+01
  -1.3485333386635229e+01  -6.0495559034238354e+01   1.6937963097517599e+01
  -1.1938635014060477e+01  -6.0873219446081812e+01   1.9873055375909434e+01
  -1.0049011984732864e+01  -6.1334612452073522e+01   2.3458898653948321e+01
  -7.9109157371713978e+00  -6.1856675656983242e+01   2.7516257152509048e+01
  -5.5719546330517700e+00  -6.2427784432637530e+01   3.1954786860620302e+01
  -1.1727430940584920e+01  -5.6842702371170674e+01   1.6481621226928848e+01
  -1.0180732568010168e+01  -5.7220362783014139e+01   1.9416713505320686e+01
  -8.2911095386825551e+00  -5.7681755789005848e+01   2.3002556783359573e+01
  -6.1530132911210886e+00  -5.8203818993915561e+01   2.7059915281920301e+01
  -3.8140521870014616e+00  -5.8774927769569857e+01   3.1498444990031551e+01
  -9.7383756818666214e+00  -5.2709518660468333e+01   1.5965273349088806e+01
  -8.1916773092918689e+00  -5.3087179072311798e+01   1.8900365627480642e+01
  -6.3020542799642563e+00  -5.3548572078303508e+01   2.2486208905519529e+01
  -4.1639580324027889e+00  -5.4070635283213228e+01   2.6543567404080257e+01
  -1.8249969282831628e+00  -5.4641744058867516e+01   3.0982097112191511e+01
  -7.5624573201966285e+00  -4.8188040290848924e+01   1.5400416830660323e+01
  -6.0157589476218760e+00  -4.8565700702692382e+01   1.8335509109052158e+01
  -4.1261359182942652e+00  -4.9027093708684092e+01   2.1921352387091048e+01
  -1.9880396707327979e+00  -4.9549156913593812e+01   2.5978710885651775e+01
   3.5092143338683002e-01  -5.0120265689248100e+01   3.0417240593763026e+01
  -1.8083477242889295e+01  -6.1728919807909143e+01   1.9202338269135087e+01
  -1.6536778870314542e+01  -6.2106580219752608e+01   2.2137430547526922e+01
  -1.4647155840986930e+01  -6.2567973225744318e+01   2.5723273825565808e+01
  -1.2509059593425462e+01  -6.3090036430654031e+01   2.9780632324126536e+01
  -1.0170098489305834e+01  -6.3661145206308326e+01   3.4219162032237790e+01
  -1.6644595090072457e+01  -5.8738975587116059e+01   1.8828812323683156e+01
  -1.5097896717497703e+01  -5.9116635998959524e+01   2.1763904602074991e+01
  -1.3208273688170092e+01  -5.9578029004951233e+01   2.5349747880113881e+01
  -1.1070177440608624e+01  -6.0100092209860946e+01   2.9407106378674609e+01
  -8.7312163364889965e+00  -6.0671200985515242e+01   3.3845636086785859e+01
  -1.4886692644022148e+01  -5.5086118924048385e+01   1.8372470453094405e+01
  -1.3339994271447395e+01  -5.5463779335891843e+01   2.1307562731486243e+01
  -1.1450371242119783e+01  -5.5925172341883560e+01   2.4893406009525130e+01
  -9.3122749945583152e+00  -5.6447235546793273e+01   2.8950764508085861e+01
  -6.9733138904386882e+00  -5.7018344322447568e+01   3.3389294216197115e+01
  -1.2897637385303849e+01  -5.0952935213346045e+01   1.7856122575254364e+01
  -1.1350939012729095e+01  -5.1330595625189503e+01   2.0791214853646199e+01
  -9.4613159834014837e+00  -5.1791988631181219e+01   2.4377058131685086e+01
  -7.3232197358400164e+00  -5.2314051836090940e+01   2.8434416630245817e+01
  -4.9842586317203885e+00  -5.2885160611745228e+01   3.2872946338357067e+01
  -1.0721719023633856e+01  -4.6431456843726636e+01   1.7291266056825879e+01
  -9.1750206510591035e+00  -4.6809117255570094e+01   2.0226358335217718e+01
  -7.2853976217314909e+00  -4.7270510261561803e+01   2.3812201613256605e+01
  -5.1473013741700244e+00  -4.7792573466471524e+01   2.7869560111817336e+01
  -2.8083402700503957e+00  -4.8363682242125812e+01   3.2308089819928583e+01
  -2.1658161446218124e+01  -5.9741356987954958e+01   2.1341821950495408e+01
  -2.0111463073643371e+01  -6.0119017399798423e+01   2.4276914228887243e+01
  -1.8221840044315758e+01  -6.0580410405790133e+01   2.7862757506926130e+01
  -1.6083743796754291e+01  -6.1102473610699853e+01   3.1920116005486861e+01
  -1.3744782692634663e+01  -6.1673582386354141e+01   3.6358645713598108e+01
  -2.0219279293401286e+01  -5.6751412767161881e+01   2.0968296005043477e+01
  -1.8672580920826533e+01  -5.7129073179005339e+01   2.3903388283435312e+01
  -1.6782957891498921e+01  -5.7590466184997048e+01   2.7489231561474199e+01
  -1.4644861643937453e+01  -5.8112529389906769e+01   3.1546590060034930e+01
  -1.2305900539817825e+01  -5.8683638165561057e+01   3.5985119768146184e+01
  -1.8461376847350977e+01  -5.3098556104094200e+01   2.0511954134454726e+01
  -1.6914678474776224e+01  -5.3476216515937665e+01   2.3447046412846561e+01
  -1.5025055445448611e+01  -5.3937609521929375e+01   2.7032889690885451e+01
  -1.2886959197887144e+01  -5.4459672726839088e+01   3.1090248189446179e+01
  -1.0547998093767516e+01  -5.5030781502493383e+01   3.5528777897557433e+01
  -1.6472321588632674e+01  -4.8965372393391860e+01   1.9995606256614685e+01
  -1.4925623216057923e+01  -4.9343032805235325e+01   2.2930698535006520e+01
  -1.3036000186730313e+01  -4.9804425811227034e+01   2.6516541813045407e+01
  -1.0897903939168845e+01  -5.0326489016136755e+01   3.0573900311606138e+01
  -8.5589428350492156e+00  -5.0897597791791043e+01   3.5012430019717385e+01
  -1.4296403226962685e+01  -4.4443894023772451e+01   1.9430749738186201e+01
  -1.2749704854387932e+01  -4.4821554435615909e+01   2.2365842016578036e+01
  -1.0860081825060320e+01  -4.5282947441607618e+01   2.5951685294616926e+01
  -8.7219855774988524e+00  -4.5805010646517339e+01   3.0009043793177653e+01
  -6.3830244733792245e+00  -4.6376119422171627e+01   3.4447573501288900e+01
  -2.5568671705348365e+01  -5.7567071273189207e+01   2.3682300831793569e+01
  -2.4021973332773612e+01  -5.7944731685032671e+01   2.6617393110185407e+01
  -2.2132350303446000e+01  -5.8406124691024381e+01   3.0203236388224294e+01
  -1.9994254055884532e+01  -5.8928187895934094e+01   3.4260594886785029e+01
  -1.7655292951764906e+01  -5.9499296671588390e+01   3.8699124594896276e+01
  -2.4129789552531527e+01  -5.4577127052396122e+01   2.3308774886341638e+01
  -2.2583091179956774e+01  -5.4954787464239587e+01   2.6243867164733476e+01
  -2.0693468150629162e+01  -5.5416180470231296e+01   2.9829710442772367e+01
  -1.8555371903067694e+01  -5.5938243675141010e+01   3.3887068941333098e+01
  -1.6216410798948068e+01  -5.6509352450795305e+01   3.8325598649444345e+01
  -2.2371887106481218e+01  -5.0924270389328449e+01   2.2852433015752890e+01
  -2.0825188733906465e+01  -5.1301930801171906e+01   2.5787525294144729e+01
  -1.8935565704578856e+01  -5.1763323807163623e+01   2.9373368572183615e+01
  -1.6797469457017385e+01  -5.2285387012073343e+01   3.3430727070744346e+01
  -1.4458508352897759e+01  -5.2856495787727624e+01   3.7869256778855600e+01
  -2.0382831847762919e+01  -4.6791086678626115e+01   2.2336085137912846e+01
  -1.8836133475188166e+01  -4.7168747090469566e+01   2.5271177416304685e+01
  -1.6946510445860554e+01  -4.7630140096461282e+01   2.8857020694343575e+01
  -1.4808414198299086e+01  -4.8152203301371003e+01   3.2914379192904299e+01
  -1.2469453094179459e+01  -4.8723312077025291e+01   3.7352908901015553e+01
  -1.8206913486092926e+01  -4.2269608309006699e+01   2.1771228619484365e+01
  -1.6660215113518174e+01  -4.2647268720850157e+01   2.4706320897876203e+01
  -1.4770592084190561e+01  -4.3108661726841866e+01   2.8292164175915090e+01
  -1.2632495836629094e+01  -4.3630724931751587e+01   3.2349522674475821e+01
  -1.0293534732509467e+01  -4.4201833707405882e+01   3.6788052382587068e+01