  -1.2338289743986479e+01  -6.4923305777962454e+01
  -1.1828947282316033e+01  -6.1623269386979160e+01
  -1.1206676474734659e+01  -5.7591568783557321e+01
  -1.0502581076865695e+01  -5.3029725602309227e+01
  -9.7323389743020705e+00  -4.8039317066584090e+01
  -1.5638326134969772e+01  -6.4413963316292012e+01
  -1.5128983673299325e+01  -6.1113926925308718e+01
  -1.4506712865717951e+01  -5.7082226321886878e+01
  -1.3802617467848986e+01  -5.2520383140638785e+01
  -1.3032375365285361e+01  -4.7529974604913640e+01
  -1.9670026738391613e+01  -6.3791692508710632e+01
  -1.9160684276721163e+01  -6.0491656117727345e+01
  -1.8538413469139790e+01  -5.6459955514305506e+01
  -1.7834318071270825e+01  -5.1898112333057405e+01
  -1.7064075968707201e+01  -4.6907703797332260e+01
  -2.4231869919639706e+01  -6.3087597110841671e+01
  -2.3722527457969260e+01  -5.9787560719858377e+01
  -2.3100256650387884e+01  -5.5755860116436537e+01
  -2.2396161252518922e+01  -5.1194016935188444e+01
  -2.1625919149955294e+01  -4.6203608399463299e+01
  -2.9222278455364851e+01  -6.2317355008278042e+01
  -2.8712935993694405e+01  -5.9017318617294748e+01
  -2.8090665186113029e+01  -5.4985618013872909e+01
  -2.7386569788244064e+01  -5.0423774832624815e+01
  -2.6616327685680439e+01  -4.5433366296899678e+01