   1.3159866324356329e+01   6.5182939399055471e+00   5.9190565177281172e+01  -3.7635355763899199e+01  -2.9108147923030536e+01  -6.0925673431329415e+01
   6.9479371977288329e+00   2.0289602191200920e+01   6.9437740330916100e+01  -3.1633225317203550e+01  -3.1782210704029175e+01  -5.9401544084812258e+01
  -1.4132208281950334e+00   2.8659926189735756e+01   5.6282920646534514e+01  -1.7355567347978980e+01  -2.6296026202240697e+00  -6.5754041225975385e+01
   1.0494904772560435e+01   4.8730664938695609e+00   4.3564401981276973e+01  -3.0454537768999121e+01  -5.9202390953919632e+00  -6.6516068172046985e+01
  -3.3735239730519808e+00   1.0741291607221957e+00   5.6776823806299781e+01  -3.8768522647186487e+01  -3.4238604726190665e+01  -6.7430826658326140e+01
  -9.5854530996794765e+00   1.4845437412017571e+01   6.7023998959934715e+01  -3.2766392200490841e+01  -3.6912667507189312e+01  -6.5906697311808983e+01
  -1.7946611125603344e+01   2.3215761410552403e+01   5.3869179275553115e+01  -1.8488734231266267e+01  -7.7600594233842024e+00  -7.2259194452972096e+01
  -6.0384855248478750e+00  -5.7109828531379048e-01   4.1150660610295574e+01  -3.1587704652286412e+01  -1.1050695898552092e+01  -7.3021221399043711e+01
   7.4912258866098922e+00  -2.4679182263115926e+00   5.2931764864015570e+01  -1.3906402618186590e+01  -4.8577363674390362e+01  -8.8359335334781463e+01
   1.2792967599823974e+00   1.1303390024983781e+01   6.3178940017650504e+01  -7.9042721714909447e+00  -5.1251426455389002e+01  -8.6835205988264306e+01
  -7.0818612659414768e+00   1.9673714023518613e+01   5.0024120333268911e+01   6.3733857977336257e+00  -2.2098818371583896e+01  -9.3187703129427433e+01
   4.8262643348139989e+00  -4.1131456723475797e+00   3.7305601668011363e+01  -6.7255846232865153e+00  -2.5389454846751786e+01  -9.3949730075499033e+01
   3.0674397341901013e+01   6.9955474287236585e+00   5.7712066826651203e+01  -1.8515314161540758e+01  -3.6832158968815818e+01  -7.2760904030706342e+01
   2.4462468215273518e+01   2.0766855680019034e+01   6.7959241980286137e+01  -1.2513183714845113e+01  -3.9506221749814458e+01  -7.1236774684189200e+01
   1.6101310189349650e+01   2.9137179678553867e+01   5.4804422295904544e+01   1.7644742543794649e+00  -1.0353613666009348e+01  -7.7589271825352313e+01
   2.8009435790105123e+01   5.3503199826876724e+00   4.2085903630647003e+01  -1.1334496166640683e+01  -1.3644250141177238e+01  -7.8351298771423927e+01
   1.5593791690792893e+01   5.3019810166722490e+00   6.9905026005426279e+01  -4.4467844661778869e+01  -2.2712118263618244e+01  -7.3923579584949181e+01
   9.3818625641653952e+00   1.9073289267967624e+01   8.0152201159061207e+01  -3.8465714215083217e+01  -2.5386181044616887e+01  -7.2399450238432024e+01
   1.0207045382415281e+00   2.7443613266502457e+01   6.6997381474679614e+01  -2.4188056245858647e+01   3.7664270391882226e+00  -7.8751947379595151e+01
   1.2928830138997000e+01   3.6567535706362628e+00   5.4278862809422080e+01  -3.7287026666878788e+01   4.7579056402032904e-01  -7.9513974325666751e+01
  -9.3959860661541583e-01  -1.4218376251110154e-01   6.7491284634444881e+01  -4.5601011545066157e+01  -2.7842575066778377e+01  -8.0428732811945906e+01
  -7.1515277332429150e+00   1.3629124488784273e+01   7.7738459788079822e+01  -3.9598881098370505e+01  -3.0516637847777019e+01  -7.8904603465428750e+01
  -1.5512685759166779e+01   2.1999448487319107e+01   6.4583640103698229e+01  -2.5321223129145935e+01  -1.3640297639719101e+00  -8.5257100606591862e+01
  -3.6045601584113101e+00  -1.7874112085470877e+00   5.1865121438440681e+01  -3.8420193550166076e+01  -4.6546662391398002e+00  -8.6019127552663477e+01
   9.9251512530464545e+00  -3.6842311495448890e+00   6.3646225692160669e+01  -2.0738891516066257e+01  -4.2181334014978070e+01  -1.0135724148840123e+02
   3.7132221264189571e+00   1.0087077101750484e+01   7.3893400845795611e+01  -1.4736761069370612e+01  -4.4855396795976716e+01  -9.9833112141884072e+01
  -4.6479358995049083e+00   1.8457401100285317e+01   6.0738581161414011e+01  -4.5910310014603795e-01  -1.5702788712171603e+01  -1.0618560928304719e+02
   7.2601897012505621e+00  -5.3294585955808742e+00   4.8020062496156470e+01  -1.3558073521166179e+01  -1.8993425187339490e+01  -1.0694763622911879e+02
   3.3108322708337582e+01   5.7792345054903613e+00   6.8426527654796303e+01  -2.5347803059420428e+01  -3.0436129309403526e+01  -8.5758810184326109e+01
   2.6896393581710083e+01   1.9550542756785735e+01   7.8673702808431244e+01  -1.9345672612724776e+01  -3.3110192090402165e+01  -8.4234680837808952e+01
   1.8535235555786212e+01   2.7920866755320567e+01   6.5518883124049651e+01  -5.0680146435002058e+00  -3.9575840065970560e+00  -9.0587177978972079e+01
   3.0443361156541684e+01   4.1340070594543743e+00   5.2800364458792103e+01  -1.8166985064520350e+01  -7.2482204817649496e+00  -9.1349204925043679e+01
   1.1883569394638904e+01  -1.7676053121472183e+01   8.9716892775928542e+01  -2.8278890076756895e+01  -1.3689292251546776e+01  -6.2550745446822297e+01
   5.6716402680114086e+00  -3.9047448701768097e+00   9.9964067929563470e+01  -2.2276759630061246e+01  -1.6363355032545421e+01  -6.1026616100305148e+01
  -2.6895177579124585e+00   4.4655791283580246e+00   8.6809248245181891e+01  -7.9991016608366792e+00   1.2789253051259692e+01  -6.7379113241468261e+01
   9.2186078428430136e+00  -1.9321280567508168e+01   7.4090729579924343e+01  -2.1098072081856820e+01   9.4986165760917984e+00  -6.8141140187539875e+01
  -4.6498209027694060e+00  -2.3120217900655533e+01   8.7303151404947158e+01  -2.9412056960044186e+01  -1.8819749054706907e+01  -6.9055898673819016e+01
  -1.0861750029396902e+01  -9.3489096493601611e+00   9.7550326558582086e+01  -2.3409926513348537e+01  -2.1493811835705547e+01  -6.7531769327301873e+01
  -1.9222908055320772e+01  -9.7858565082532678e-01   8.4395506874200493e+01  -9.1322685441239670e+00   7.6587962480995557e+00  -7.3884266468464986e+01
  -7.3147824545653037e+00  -2.4765445346691521e+01   7.1676988208942944e+01  -2.2231238965144108e+01   4.3681597729316692e+00  -7.4646293414536586e+01
   6.2149289568924679e+00  -2.6662265287689323e+01   8.3458092462662933e+01  -4.5499369310442859e+00  -3.3158508002906601e+01  -8.9984407350274353e+01
   2.9998302649723030e-03  -1.2890957036393953e+01   9.3705267616297874e+01   1.4521935156513592e+00  -3.5832570783905240e+01  -8.8460278003757196e+01
  -8.3581581956588948e+00  -4.5206330378591169e+00   8.0550447931916281e+01   1.5729851484875923e+01  -6.6799627001001340e+00  -9.4812775144920309e+01
   3.5499674050965755e+00  -2.8307492733725311e+01   6.7831929266658733e+01   2.6308810638557958e+00  -9.9705991752680241e+00  -9.5574802090991909e+01
   2.9398100412183592e+01  -1.7198799632654072e+01   8.8238394425298580e+01  -9.1588484743984537e+00  -2.1413303297332057e+01  -7.4385976046199232e+01
   2.3186171285556096e+01  -3.4274913813586974e+00   9.8485569578933507e+01  -3.1567180277028086e+00  -2.4087366078330696e+01  -7.2861846699682076e+01
   1.4825013259632225e+01   4.9428326171761370e+00   8.5330749894551914e+01   1.1120939941521762e+01   5.0652420054744098e+00  -7.9214343840845203e+01
   2.6733138860387697e+01  -1.8844027078690058e+01   7.2612231229294380e+01  -1.9780304794983792e+00   1.7746055303065198e+00  -7.9976370786916803e+01
   9.0131549435736158e+00  -9.8601070563225051e+00   6.7792269331696957e+01  -2.1704840669759314e+01  -2.6056693370457250e+01  -4.5052667698267598e+01
   2.8012258169461184e+00   3.9112011949728696e+00   7.8039444485331899e+01  -1.5702710223063669e+01  -2.8730756151455893e+01  -4.3528538351750441e+01
  -5.5599322089777488e+00   1.2281525193507704e+01   6.4884624800950306e+01  -1.4250522538390982e+00   4.2185193234921670e-01  -4.9881035492913561e+01
   6.3481933917777233e+00  -1.1505334502358490e+01   5.2166106135692758e+01  -1.4524022674859239e+01  -2.8687845428186733e+00  -5.0643062438985169e+01
  -7.5202353538346927e+00  -1.5304271835505851e+01   6.5378527960715573e+01  -2.2838007553046605e+01  -3.1187150173617383e+01  -5.1557820925264316e+01
  -1.3732164480462188e+01  -1.5329635842104796e+00   7.5625703114350500e+01  -1.6835877106350956e+01  -3.3861212954616022e+01  -5.0033691578747160e+01
  -2.2093322506386059e+01   6.8373604143243547e+00   6.2470883429968907e+01  -2.5582191371263860e+00  -4.7086048708109161e+00  -5.6386188719910280e+01
  -1.0185196905630590e+01  -1.6949499281541840e+01   4.9752364764711366e+01  -1.5657189558146527e+01  -7.9992413459788061e+00  -5.7148215665981887e+01
   3.3445145058271795e+00  -1.8846319222539645e+01   6.1533469018431354e+01   2.0241124759532951e+00  -4.5525909121817072e+01  -7.2486329601719646e+01
  -2.8674146208003179e+00  -5.0750109712442715e+00   7.1780644172066289e+01   8.0262429226489402e+00  -4.8199971902815719e+01  -7.0962200255202490e+01
  -1.1228572646724182e+01   3.2953130272905637e+00   5.8625824487684696e+01   2.2303900891873511e+01  -1.9047363819010606e+01  -7.7314697396365602e+01
   6.7955295403128702e-01  -2.0491546668575630e+01   4.5907305822427155e+01   9.2049304708533697e+00  -2.2338000294178499e+01  -7.8076724342437217e+01
   2.6527685961118301e+01  -9.3828535675043909e+00   6.6313770981066995e+01  -2.5847990674008798e+00  -3.3780704416242529e+01  -5.6887898297644526e+01
   2.0315756834490806e+01   4.3884546837909824e+00   7.6560946134701936e+01   3.4173313792947724e+00  -3.6454767197241168e+01  -5.5363768951127376e+01
   1.1954598808566939e+01   1.2758778682325817e+01   6.3406126450320336e+01   1.7694989348519343e+01  -7.3021591134360619e+00  -6.1716266092290496e+01
   2.3862724409322411e+01  -1.1028081013540376e+01   5.0687607785062795e+01   4.5960189274992018e+00  -1.0592795588603952e+01  -6.2478293038362104e+01