   1.3159866324356329e+01   6.5182939399055471e+00   5.9190565177281172e+01  -3.7635355763899199e+01  -2.9108147923030536e+01  -6.0925673431329415e+01   7.0372715255187302e+01   2.3288299995603765e+01
   1.4108987210273046e+01   5.1394878365401961e+00   4.6520709787620589e+01  -4.4274678260957209e+01  -3.0060122265159805e+01  -5.7801011632807096e+01   7.7859769137554295e+01   1.3060532541550137e+01
   8.1399829741570358e+00   4.0911897514735047e+00   6.3563954433478635e+01  -6.5153209713998294e+01  -5.1512491394149784e+01  -4.5582376114075529e+01   7.7047173266897147e+01   7.2443351557190674e+00
   8.1827873625202834e+00   6.5267999445070801e+00   7.9089425055219252e+01  -4.9356831369070036e+01  -4.4503915881519106e+01  -5.3631478165224692e+01   6.5493248734984448e+01   2.4807640181133863e+01
   1.4068838408771764e+00   9.7782184899605262e-01   6.5856306455526578e+01  -3.2302649649053443e+01  -2.3113720543008732e+01  -5.9768984717416934e+01   7.7298672730056339e+01   1.6090975486132535e+01
   2.3560047267938931e+00  -4.0098425436929830e-01   5.3186451065865995e+01  -3.8941972146111453e+01  -2.4065694885138001e+01  -5.6644322918894616e+01   8.4785726612423332e+01   5.8632080320789051e+00
  -3.6129995093221190e+00  -1.4492823394359888e+00   7.0229695711724048e+01  -5.9820503599152538e+01  -4.5518064014127980e+01  -4.4425687400163049e+01   8.3973130741766184e+01   4.7010646247834131e-02
  -3.5701951209588678e+00   9.8632785359758568e-01   8.5755166333464658e+01  -4.4024125254224280e+01  -3.8509488501497302e+01  -5.2474789451312205e+01   7.2419206209853485e+01   1.7610315671662633e+01
   4.9168558443234680e+00  -7.4913244177041527e-01   6.2561449386735191e+01  -1.5823490686493216e+01  -2.3845741655612585e+01  -2.6839318368217285e+01   7.2372756487989818e+01   1.6556157169799071e+01
   5.8659767302401864e+00  -2.1279385451357644e+00   4.9891593997074615e+01  -2.2462813183551223e+01  -2.4797715997741854e+01  -2.3714656569694966e+01   7.9859810370356811e+01   6.3283897157454447e+00
  -1.0302750587582743e-01  -3.1762366302024567e+00   6.6934838642932661e+01  -4.3341344636592311e+01  -4.6250085126731832e+01  -1.1496021050963407e+01   7.9047214499699663e+01   5.1219232991437380e-01
  -6.0223117512578028e-02  -7.4062643716888221e-01   8.2460309264673270e+01  -2.7544966291664053e+01  -3.9241509614101147e+01  -1.9545123102112569e+01   6.7493289967786964e+01   1.8075497355329169e+01
   2.2479702691125460e+01   8.3991868575671447e+00   5.2935776765030290e+01  -2.8436496841229442e+01  -3.3075339220339401e+01  -3.7119015858511020e+01   6.2757422424762190e+01   2.7744174520026551e+01
   2.3428823577042177e+01   7.0203807542017955e+00   4.0265921375369707e+01  -3.5075819338287445e+01  -3.4027313562468670e+01  -3.3994354059988709e+01   7.0244476307129190e+01   1.7516407065972921e+01
   1.7459819340926167e+01   5.9720826691351032e+00   5.7309166021227753e+01  -5.5954350791328537e+01  -5.5479682691458649e+01  -2.1775718541257135e+01   6.9431880436472042e+01   1.1700209680141853e+01
   1.7502623729289414e+01   8.4076928621686786e+00   7.2834636642968377e+01  -4.0157972446400279e+01  -4.8471107178827971e+01  -2.9824820592406297e+01   5.7877955904559343e+01   2.9263514705556648e+01
   2.1893045735121301e+00  -2.2581952115814250e+00   5.0752109270468651e+01  -3.7816556189309452e+01  -3.4604041888099616e+01  -6.1872082442994007e+01   6.5885321011959576e+01   3.0961834953437265e+01
   3.1384254594288468e+00  -3.6370013149467759e+00   3.8082253880808068e+01  -4.4455878686367463e+01  -3.5556016230228884e+01  -5.8747420644471688e+01   7.3372374894326583e+01   2.0734067499383634e+01
  -2.8305787766871635e+00  -4.6852994000134682e+00   5.5125498526666114e+01  -6.5334410139408547e+01  -5.7008385359218863e+01  -4.6528785125740121e+01   7.2559779023669435e+01   1.4917870113552565e+01
  -2.7877743883239141e+00  -2.2496892069798928e+00   7.0650969148406730e+01  -4.9538031794480290e+01  -4.9999809846588185e+01  -5.4577887176889284e+01   6.1005854491756729e+01   3.2481175138967359e+01
  -9.5636779099670264e+00  -7.7986673024909194e+00   5.7417850548714057e+01  -3.2483850074463696e+01  -2.8609614508077811e+01  -6.0715393729081526e+01   7.2811278486828613e+01   2.3764510443966035e+01
  -8.6145570240503062e+00  -9.1774734058562704e+00   4.4747995159053474e+01  -3.9123172571521707e+01  -2.9561588850207080e+01  -5.7590731930559208e+01   8.0298332369195606e+01   1.3536742989912407e+01
  -1.4583561260166320e+01  -1.0225771490922959e+01   6.1791239804911520e+01  -6.0001704024562791e+01  -5.1013957979197059e+01  -4.5372096411827641e+01   7.9485736498538472e+01   7.7205456040813338e+00
  -1.4540756871803072e+01  -7.7901612978893855e+00   7.7316710426652136e+01  -4.4205325679634534e+01  -4.4005382466566374e+01  -5.3421198462976804e+01   6.7931811966625759e+01   2.5283850629496133e+01
  -6.0537059065207330e+00  -9.5256215932573873e+00   5.4122993479922670e+01  -1.6004691111903469e+01  -2.9341635620681664e+01  -2.7785727379881884e+01   6.7885362244762092e+01   2.4229692127632571e+01
  -5.1045850206040129e+00  -1.0904427696622736e+01   4.1453138090262087e+01  -2.2644013608961480e+01  -3.0293609962810930e+01  -2.4661065581359566e+01   7.5372416127129100e+01   1.4001924673578941e+01
  -1.1073589256720027e+01  -1.1952725781689427e+01   5.8496382736120140e+01  -4.3522545062002564e+01  -5.1745979091800905e+01  -1.2442430062627999e+01   7.4559820256471937e+01   8.1857272877478735e+00
  -1.1030784868356779e+01  -9.5171155886558516e+00   7.4021853357860749e+01  -2.7726166717074307e+01  -4.4737403579170234e+01  -2.0491532113777168e+01   6.3005895724559245e+01   2.5749032313162669e+01
   1.1509140940281263e+01  -3.7730229391982739e-01   4.4497320858217769e+01  -2.8617697266639695e+01  -3.8571233185408481e+01  -3.8065424870175619e+01   5.8270028181534471e+01   3.5417709477860051e+01
   1.2458261826197980e+01  -1.7561083972851783e+00   3.1827465468557190e+01  -3.5257019763697706e+01  -3.9523207527537750e+01  -3.4940763071653294e+01   6.5757082063901464e+01   2.5189942023806424e+01
   6.4892575900819676e+00  -2.8044064823518688e+00   4.8870710114415232e+01  -5.6135551216738790e+01  -6.0975576656527728e+01  -2.2722127552921727e+01   6.4944486193244316e+01   1.9373744637975353e+01
   6.5320619784452170e+00  -3.6879628931829433e-01   6.4396180736155841e+01  -4.0339172871810533e+01  -5.3967001143897050e+01  -3.0771229604070889e+01   5.3390561661331617e+01   3.6937049663390148e+01
  -1.6255703433441813e+00   9.7434532516074412e+00   4.7651968673953235e+01  -1.7670106326827991e+01  -6.0145883191162753e+01  -7.0322164891509232e+01   7.5311774675032140e+01   2.6448506474186768e+01
  -6.7644945742746465e-01   8.3646471482420921e+00   3.4982113284292652e+01  -2.4309428823885995e+01  -6.1097857533292022e+01  -6.7197503092986921e+01   8.2798828557399133e+01   1.6220739020133138e+01
  -6.6454536935434767e+00   7.3163490631753998e+00   5.2025357930150705e+01  -4.5187960276927086e+01  -8.2550226662282000e+01  -5.4978867574255347e+01   8.1986232686741985e+01   1.0404541634302067e+01
  -6.6026493051802291e+00   9.7519592562089752e+00   6.7550828551891314e+01  -2.9391581931998829e+01  -7.5541651149651329e+01  -6.3027969625404509e+01   7.0432308154829286e+01   2.7967846659716866e+01
  -1.3378552826823331e+01   4.2029811606979477e+00   5.4317709952198641e+01  -1.2337400211982231e+01  -5.4151455811140949e+01  -6.9165476177596759e+01   8.2237732149901177e+01   1.9251181964715538e+01
  -1.2429431940906618e+01   2.8241750573325972e+00   4.1647854562538058e+01  -1.8976722709040239e+01  -5.5103430153270217e+01  -6.6040814379074433e+01   8.9724786032268170e+01   9.0234145106619081e+00
  -1.8398436177022628e+01   1.7758769722659062e+00   5.8691099208396103e+01  -3.9855254162081330e+01  -7.6555799282260210e+01  -5.3822178860342866e+01   8.8912190161611022e+01   3.2072171248308408e+00
  -1.8355631788659380e+01   4.2114871652994808e+00   7.4216569830136720e+01  -2.4058875817153069e+01  -6.9547223769629511e+01  -6.1871280911492029e+01   7.7358265629698323e+01   2.0770522150245636e+01
  -9.8685808233770445e+00   2.4760268699314798e+00   5.1022852883407253e+01   4.1417587505779920e+00  -5.4883476923744809e+01  -3.6235809828397109e+01   7.7311815907834657e+01   1.9716363648382075e+01
  -8.9194599374603278e+00   1.0972207665661298e+00   3.8352997493746678e+01  -2.4975637464800187e+00  -5.5835451265874070e+01  -3.3111148029874784e+01   8.4798869790201650e+01   9.4885961943284443e+00
  -1.4888464173576342e+01   4.8922681499437459e-02   5.5396242139604723e+01  -2.3376095199521107e+01  -7.7287820394864042e+01  -2.0892512511143224e+01   8.3986273919544502e+01   3.6723988084973733e+00
  -1.4845659785213090e+01   2.4845328745330129e+00   7.0921712761345333e+01  -7.5797168545928493e+00  -7.0279244882233371e+01  -2.8941614562292379e+01   7.2432349387631803e+01   2.1235703833912172e+01
   7.6942660234249498e+00   1.1624346169269041e+01   4.1397180261702353e+01  -8.4712474041582340e+00  -6.4113074488471625e+01  -4.6515507318690844e+01   6.7696481844607021e+01   3.0904380998609554e+01
   8.6433869093416664e+00   1.0245540065903690e+01   2.8727324872041770e+01  -1.5110569901216238e+01  -6.5065048830600887e+01  -4.3390845520168526e+01   7.5183535726974029e+01   2.0676613544555924e+01
   2.6743826732256561e+00   9.1972419808369992e+00   4.5770569517899816e+01  -3.5989101354257329e+01  -8.6517417959590858e+01  -3.1172210001436955e+01   7.4370939856316880e+01   1.4860416158724853e+01
   2.7171870615889056e+00   1.1632852173870575e+01   6.1296040139640432e+01  -2.0192723009329072e+01  -7.9508842446960188e+01  -3.9221312052586114e+01   6.2817015324404174e+01   3.2423721184139652e+01
   1.6590411917722179e+01   2.0447756998524554e+01   6.1706137300219666e+01  -2.2562772852441704e+01  -4.4947517635868373e+01  -6.6663732830033126e+01   7.9939361180488007e+01   1.5552640349487373e+01
   1.7539532803638892e+01   1.9068950895159201e+01   4.9036281910559083e+01  -2.9202095349499711e+01  -4.5899491977997641e+01  -6.3539071031510815e+01   8.7426415062855000e+01   5.3248728954337423e+00
   1.1570528567522882e+01   1.8020652810092511e+01   6.6079526556417136e+01  -5.0080626802540799e+01  -6.7351861106987627e+01  -5.1320435512779248e+01   8.6613819192197866e+01  -4.9132449039732506e-01
   1.1613332955886131e+01   2.0456263003126086e+01   8.1604997178157745e+01  -3.4284248457612541e+01  -6.0343285594356942e+01  -5.9369537563928411e+01   7.5059894660285153e+01   1.7071980535017470e+01
   4.8374294342430257e+00   1.4907284907615058e+01   6.8371878578465072e+01  -1.7230066737595948e+01  -3.8953090255846568e+01  -6.5507044116120653e+01   8.6865318655357044e+01   8.3553158400161429e+00
   5.7865503201597432e+00   1.3528478804249707e+01   5.5702023188804489e+01  -2.3869389234653951e+01  -3.9905064597975837e+01  -6.2382382317598335e+01   9.4352372537724037e+01  -1.8724516140374874e+00
  -1.8245391595626970e-01   1.2480180719183014e+01   7.2745267834662542e+01  -4.4747920687695043e+01  -6.1357433726965816e+01  -5.0163746798866768e+01   9.3539776667066889e+01  -7.6886489998685548e+00
  -1.3964952759302207e-01   1.4915790912216590e+01   8.8270738456403151e+01  -2.8951542342766786e+01  -5.4348858214335138e+01  -5.8212848850015924e+01   8.1985852135154190e+01   9.8746560255462406e+00
   8.3474014376893155e+00   1.3180330616848590e+01   6.5077021509673685e+01  -7.5090777503572070e-01  -3.9685111368450421e+01  -3.2577377766921003e+01   8.1939402413290523e+01   8.8204975236826790e+00
   9.2965223236060321e+00   1.1801524513483237e+01   5.2407166120013109e+01  -7.3902302720937314e+00  -4.0637085710579683e+01  -2.9452715968398685e+01   8.9426456295657516e+01  -1.4072699303709513e+00
   3.3275180874900201e+00   1.0753226428416546e+01   6.9450410765871155e+01  -2.8268761725134816e+01  -6.2089454839569669e+01  -1.7234080449667118e+01   8.8613860425000368e+01  -7.2234673162020187e+00
   3.3703224758532695e+00   1.3188836621450122e+01   8.4975881387611764e+01  -1.2472383380206558e+01  -5.5080879326938984e+01  -2.5283182500816281e+01   7.7059935893087669e+01   1.0339837709212778e+01
   2.5910248284491310e+01   2.2328649916186151e+01   5.5451348887968784e+01  -1.3363913929771947e+01  -4.8914708933177238e+01  -4.2857075257214746e+01   7.2324068350062902e+01   2.0008514873910158e+01
   2.6859369170408026e+01   2.0949843812820799e+01   4.2781493498308208e+01  -2.0003236426829954e+01  -4.9866683275306507e+01  -3.9732413458692420e+01   7.9811122232429895e+01   9.7807474198565281e+00
   2.0890364934292016e+01   1.9901545727754112e+01   5.9824738144166247e+01  -4.0881767879871042e+01  -7.1319052404296485e+01  -2.7513777939960853e+01   7.8998526361772747e+01   3.9645500340254571e+00
   2.0933169322655264e+01   2.2337155920787684e+01   7.5350208765906871e+01  -2.5085389534942784e+01  -6.4310476891665814e+01  -3.5562879991110016e+01   6.7444601829860048e+01   2.1527855059440256e+01
   2.1813604017983590e+01  -5.2240435906478240e+00   6.2003576622558228e+01  -3.6346443684085429e+01  -3.2240954300253563e+01  -6.1403444744468842e+01   8.0917616912146698e+01   2.9217807420713143e+01
   2.2762724903900306e+01  -6.6028496940131749e+00   4.9333721232897652e+01  -4.2985766181143433e+01  -3.3192928642382824e+01  -5.8278782945946524e+01   8.8404670794513692e+01   1.8990039966659513e+01
   1.6793720667784296e+01  -7.6511477790798637e+00   6.6376965878755698e+01  -6.3864297634184524e+01  -5.4645297771372803e+01  -4.6060147427214957e+01   8.7592074923856543e+01   1.3173842580828444e+01
   1.6836525056147543e+01  -5.2155375860462900e+00   8.1902436500496322e+01  -4.8067919289256267e+01  -4.7636722258742125e+01  -5.4109249478364120e+01   7.6038150391943844e+01   3.0737147606243241e+01
   1.0060621534504438e+01  -1.0764515681557317e+01   6.8669317900803634e+01  -3.1013737569239670e+01  -2.6246526920231755e+01  -6.0246756030556355e+01   8.7843574387015735e+01   2.2020482911241913e+01
   1.1009742420421155e+01  -1.2143321784922669e+01   5.5999462511143058e+01  -3.7653060066297677e+01  -2.7198501262361024e+01  -5.7122094232034044e+01   9.5330628269382728e+01   1.1792715457188285e+01
   5.0407381843051429e+00  -1.3191619869989360e+01   7.3042707157001104e+01  -5.8531591519338768e+01  -4.8650870391351006e+01  -4.4903458713302470e+01   9.4518032398725580e+01   5.9765180713572121e+00
   5.0835425726683923e+00  -1.0756009676955784e+01   8.8568177778741713e+01  -4.2735213174410511e+01  -4.1642294878720321e+01  -5.2952560764451633e+01   8.2964107866812881e+01   2.3539823096772011e+01
   1.3570593537950728e+01  -1.2491469972323788e+01   6.5374460832012261e+01  -1.4534578606679446e+01  -2.6978548032835612e+01  -2.7317089681356713e+01   8.2917658144949215e+01   2.2485664594908449e+01
   1.4519714423867446e+01  -1.3870276075689134e+01   5.2704605442351671e+01  -2.1173901103737453e+01  -2.7930522374964877e+01  -2.4192427882834394e+01   9.0404712027316208e+01   1.2257897140854821e+01
   8.5507101877514344e+00  -1.4918574160755828e+01   6.9747850088209717e+01  -4.2052432556778541e+01  -4.9382891503954852e+01  -1.1973792364102835e+01   8.9592116156659060e+01   6.4416997550237518e+00
   8.5935145761146821e+00  -1.2482963967722252e+01   8.5273320709950326e+01  -2.6256054211850284e+01  -4.2374315991324181e+01  -2.0022894415251997e+01   7.8038191624746361e+01   2.4005004780438547e+01
   3.1133440384752721e+01  -3.3431506729862246e+00   5.5748788210307346e+01  -2.7147584761415668e+01  -3.6208145597562421e+01  -3.7596787171650448e+01   7.3302324081721579e+01   3.3673681945135925e+01
   3.2082561270669437e+01  -4.7219567763515755e+00   4.3078932820646770e+01  -3.3786907258473676e+01  -3.7160119939691697e+01  -3.4472125373128137e+01   8.0789377964088587e+01   2.3445914491082299e+01
   2.6113557034553427e+01  -5.7702548614182660e+00   6.0122177466504809e+01  -5.4665438711514767e+01  -5.8612489068681668e+01  -2.2253489854396562e+01   7.9976782093431439e+01   1.7629717105251231e+01
   2.6156361422916675e+01  -3.3346446683846924e+00   7.5647648088245433e+01  -3.8869060366586510e+01  -5.1603913556050998e+01  -3.0302591905545725e+01   6.8422857561518740e+01   3.5193022130666023e+01
   1.0843042267139392e+01  -1.4000532742134794e+01   5.3565120715745707e+01  -3.6527644109495682e+01  -3.7736848265322635e+01  -6.2349853756133435e+01   7.6430222668918972e+01   3.6891342378546639e+01
   1.1792163153056109e+01  -1.5379338845500143e+01   4.0895265326085124e+01  -4.3166966606553693e+01  -3.8688822607451904e+01  -5.9225191957611116e+01   8.3917276551285966e+01   2.6663574924493012e+01
   5.8231589169400966e+00  -1.6427636930566841e+01   5.7938509971943176e+01  -6.4045498059594777e+01  -6.0141191736441890e+01  -4.7006556438879549e+01   8.3104680680628817e+01   2.0847377538661942e+01
   5.8659633053033442e+00  -1.3992026737533262e+01   7.3463980593683786e+01  -4.8249119714666520e+01  -5.3132616223811205e+01  -5.5055658490028712e+01   7.1550756148716118e+01   3.8410682564076737e+01
  -9.0994021633976097e-01  -1.9541004833044290e+01   6.0230861993991113e+01  -3.1194937994649926e+01  -3.1742420885300834e+01  -6.1193165042220954e+01   8.3356180143788009e+01   2.9694017869075413e+01
   3.9180669576955651e-02  -2.0919810936409640e+01   4.7561006604330537e+01  -3.7834260491707937e+01  -3.2694395227430100e+01  -5.8068503243698636e+01   9.0843234026155002e+01   1.9466250415021783e+01
  -5.9298235665390564e+00  -2.1968109021476337e+01   6.4604251250188582e+01  -5.8712791944749021e+01  -5.4146764356420078e+01  -4.5849867724967062e+01   9.0030638155497854e+01   1.3650053029190714e+01
  -5.8870191781758052e+00  -1.9532498828442758e+01   8.0129721871929192e+01  -4.2916413599820764e+01  -4.7138188843789401e+01  -5.3898969776116225e+01   7.8476713623585155e+01   3.1213358054605511e+01
   2.6000317871065306e+00  -2.1267959123810758e+01   5.6936004925199732e+01  -1.4715779032089703e+01  -3.2474441997904684e+01  -2.8263498693021312e+01   7.8430263901721489e+01   3.0159199552741946e+01
   3.5491526730232472e+00  -2.2646765227176104e+01   4.4266149535539157e+01  -2.1355101529147710e+01  -3.3426416340033953e+01  -2.5138836894498994e+01   8.5917317784088482e+01   1.9931432098688319e+01
  -2.4198515630927648e+00  -2.3695063312242802e+01   6.1309394181397195e+01  -4.2233632982188794e+01  -5.4878785469023931e+01  -1.2920201375767427e+01   8.5104721913431334e+01   1.4115234712857248e+01
  -2.3770471747295154e+00  -2.1259453119209226e+01   7.6834864803137805e+01  -2.6437254637260537e+01  -4.7870209956393253e+01  -2.0969303426916589e+01   7.3550797381518635e+01   3.1678539738272043e+01
   2.0162878633908523e+01  -1.2119639824473200e+01   4.7310332303494832e+01  -2.7328785186825925e+01  -4.1704039562631507e+01  -3.8543196183315047e+01   6.8814929838493867e+01   4.1347216902969429e+01
   2.1111999519825240e+01  -1.3498445927838549e+01   3.4640476913834249e+01  -3.3968107683883929e+01  -4.2656013904760769e+01  -3.5418534384792721e+01   7.6301983720860861e+01   3.1119449448915798e+01
   1.5142995283709229e+01  -1.4546744012905240e+01   5.1683721559692287e+01  -5.4846639136925020e+01  -6.4108383033750755e+01  -2.3199898866061154e+01   7.5489387850203713e+01   2.5303252063084727e+01
   1.5185799672072477e+01  -1.2111133819871664e+01   6.7209192181432911e+01  -3.9050260791996763e+01  -5.7099807521120070e+01  -3.1249000917210317e+01   6.3935463318291013e+01   4.2866557088499526e+01
   7.0281673502830797e+00  -1.9988842789459280e+00   5.0464980119230297e+01  -1.6381194247014218e+01  -6.3278689568385779e+01  -7.0799936204648660e+01   8.5856676331991537e+01   3.2378013899296143e+01
   7.9772882361997972e+00  -3.3776903823112789e+00   3.7795124729569714e+01  -2.3020516744072225e+01  -6.4230663910515034e+01  -6.7675274406126348e+01   9.3343730214358530e+01   2.2150246445242516e+01
   2.0082840000837852e+00  -4.4259884673779712e+00   5.4838369375427760e+01  -4.3899048197113316e+01  -8.5683033039505034e+01  -5.5456638887394774e+01   9.2531134343701382e+01   1.6334049059411445e+01
   2.0510883884470346e+00  -1.9903782743443958e+00   7.0363839997168384e+01  -2.8102669852185056e+01  -7.8674457526874335e+01  -6.3505740938543937e+01   8.0977209811788683e+01   3.3897354084826240e+01
  -4.7248151331960742e+00  -7.5393563698554225e+00   5.7130721397475703e+01  -1.1048488132168458e+01  -5.7284262188363968e+01  -6.9643247490736172e+01   9.2782633806860559e+01   2.5180689389824916e+01
  -3.7756942472793575e+00  -8.9181624732207734e+00   4.4460866007815120e+01  -1.7687810629226465e+01  -5.8236236530493244e+01  -6.6518585692213861e+01   1.0026968768922757e+02   1.4952921935771286e+01
  -9.7446984833953714e+00  -9.9664605582874621e+00   6.1504110653673166e+01  -3.8566342082267553e+01  -7.9688605659483216e+01  -5.4299950173482294e+01   9.9457091818570419e+01   9.1367245499402152e+00
  -9.7018940950321202e+00  -7.5308503652538885e+00   7.7029581275413790e+01  -2.2769963737339296e+01  -7.2680030146852530e+01  -6.2349052224631457e+01   8.7903167286657720e+01   2.6700029575355014e+01
  -1.2148431297497808e+00  -9.2663106606218903e+00   5.3835864328684323e+01   5.4306708303917617e+00  -5.8016283300967828e+01  -3.6713581141536537e+01   8.7856717564794039e+01   2.5645871073491453e+01
  -2.6572224383306420e-01  -1.0645116763987239e+01   4.1166008939023740e+01  -1.2086516666662490e+00  -5.8968257643097097e+01  -3.3588919343014211e+01   9.5343771447161046e+01   1.5418103619437822e+01
  -6.2347264799490780e+00  -1.1693414849053930e+01   5.8209253584881786e+01  -2.2087183119707333e+01  -8.0420626772087076e+01  -2.1370283824282645e+01   9.4531175576503898e+01   9.6019062336067549e+00
  -6.1919220915858268e+00  -9.2578046560203546e+00   7.3734724206622403e+01  -6.2908047747790761e+00  -7.3412051259456391e+01  -2.9419385875431807e+01   8.2977251044591199e+01   2.7165211259021550e+01
   1.6348003717052212e+01  -1.1799136128433041e-01   4.4210191706979415e+01  -7.1823353243444608e+00  -6.7245880865694645e+01  -4.6993278631830272e+01   7.8241383501566418e+01   3.6833888423718932e+01
   1.7297124602968928e+01  -1.4967974646496813e+00   3.1540336317318832e+01  -1.3821657821402464e+01  -6.8197855207823920e+01  -4.3868616833307954e+01   8.5728437383933411e+01   2.6606120969665302e+01
   1.1328120366852918e+01  -2.5450955497163719e+00   4.8583580963176878e+01  -3.4700189274443559e+01  -8.9650224336813892e+01  -3.1649981314576383e+01   8.4915841513276263e+01   2.0789923583834231e+01
   1.1370924755216166e+01  -1.0948535668279735e-01   6.4109051584917495e+01  -1.8903810929515295e+01  -8.2641648824183207e+01  -3.9699083365725542e+01   7.3361916981363564e+01   3.8353228609249030e+01
   2.5244149611349435e+01   8.7054194679711809e+00   6.4519148745496722e+01  -2.1273860772627931e+01  -4.8080324013091399e+01  -6.7141504143172568e+01   9.0484262837447403e+01   2.1482147774596751e+01
   2.6193270497266155e+01   7.3266133646058300e+00   5.1849293355836146e+01  -2.7913183269685938e+01  -4.9032298355220661e+01  -6.4016842344650243e+01   9.7971316719814396e+01   1.1254380320543120e+01
   2.0224266261150142e+01   6.2783152795391386e+00   6.8892538001694192e+01  -4.8791714722727022e+01  -7.0484667484210632e+01  -5.1798206825918676e+01   9.7158720849157248e+01   5.4381829347120494e+00
   2.0267070649513393e+01   8.7139254725727131e+00   8.4418008623434801e+01  -3.2995336377798765e+01  -6.3476091971579962e+01  -5.9847308877067839e+01   8.5604796317244549e+01   2.3001487960126848e+01
   1.3491167127870284e+01   3.1649473770616865e+00   7.1184890023742128e+01  -1.5941154657782171e+01  -4.2085896633069595e+01  -6.5984815429260081e+01   9.7410220312316440e+01   1.4284823265125521e+01
   1.4440288013787001e+01   1.7861412736963356e+00   5.8515034634081552e+01  -2.2580477154840182e+01  -4.3037870975198864e+01  -6.2860153630737763e+01   1.0489727419468343e+02   4.0570558110718906e+00
   8.4712837776709886e+00   7.3784318862964415e-01   7.5558279279939597e+01  -4.3459008607881266e+01  -6.4490240104188842e+01  -5.0641518112006196e+01   1.0408467832402630e+02  -1.7591415747591768e+00
   8.5140881660342380e+00   3.1734533816632191e+00   9.1083749901680221e+01  -2.7662630262953009e+01  -5.7481664591558165e+01  -5.8690620163155351e+01   9.2530753792113586e+01   1.5804163450655619e+01
   1.7001139131316574e+01   1.4379930862952186e+00   6.7890032954950755e+01   5.3800430477805605e-01  -4.2817917745673441e+01  -3.3055149080060431e+01   9.2484304070249920e+01   1.4750004948792057e+01
   1.7950260017233290e+01   5.9186982929867682e-02   5.5220177565290172e+01  -6.1013181922799546e+00  -4.3769892087802717e+01  -2.9930487281538113e+01   9.9971357952616913e+01   4.5222374947384267e+00
   1.1981255781117280e+01  -9.8911110213682374e-01   7.2263422211148210e+01  -2.6979849645321043e+01  -6.5222261216792702e+01  -1.7711851762806546e+01   9.9158762081959765e+01  -1.2939598910926442e+00
   1.2024060169480528e+01   1.4464990908967508e+00   8.7788892832888834e+01  -1.1183471300392785e+01  -5.8213685704162017e+01  -2.5760953813955709e+01   8.7604837550047066e+01   1.6269345134322155e+01
   3.4563985978118566e+01   1.0586312385632780e+01   5.8264360333245847e+01  -1.2075001849958173e+01  -5.2047515310400257e+01  -4.3334846570354173e+01   8.2868970007022284e+01   2.5938022299019536e+01
   3.5513106864035286e+01   9.2075062822674294e+00   4.5594504943585264e+01  -1.8714324347016181e+01  -5.2999489652529526e+01  -4.0210184771831848e+01   9.0356023889389292e+01   1.5710254844965906e+01
   2.9544102627919276e+01   8.1592081972007371e+00   6.2637749589443310e+01  -3.9592855800057272e+01  -7.4451858781519505e+01  -2.7991549253100281e+01   8.9543428018732143e+01   9.8940574591348351e+00
   2.9586907016282524e+01   1.0594818390234312e+01   7.8163220211183926e+01  -2.3796477455129011e+01  -6.7443283268888820e+01  -3.6040651304249444e+01   7.7989503486819444e+01   2.7457362484549634e+01
   3.2505762826461492e+01  -2.4132664061753868e+01   6.4300281780731083e+01  -2.9070267819957152e+01  -3.8079230837066547e+01  -6.9671529088748656e+01   6.1668286253751958e+01   9.1170197975870515e+00
   3.3454883712378212e+01  -2.5511470165119214e+01   5.1630426391070500e+01  -3.5709590317015163e+01  -3.9031205179195823e+01  -6.6546867290226345e+01   6.9155340136118951e+01  -1.1107476564665753e+00
   2.7485879476262198e+01  -2.6559768250185911e+01   6.8673671036928539e+01  -5.6588121770056247e+01  -6.0483574308185801e+01  -5.4328231771494771e+01   6.8342744265461803e+01  -6.9269450422976497e+00
   2.7528683864625446e+01  -2.4124158057152332e+01   8.4199141658669163e+01  -4.0791743425127990e+01  -5.3474998795555123e+01  -6.2377333822643934e+01   5.6788819733549104e+01   1.0636359983117149e+01
   2.0752780342982341e+01  -2.9673136152663361e+01   7.0966023058976489e+01  -2.3737561705111396e+01  -3.2084803457044750e+01  -6.8514840374836169e+01   6.8594243728620995e+01   1.9196952881158253e+00
   2.1701901228899054e+01  -3.1051942256028710e+01   5.8296167669315906e+01  -3.0376884202169407e+01  -3.3036777799174018e+01  -6.5390178576313858e+01   7.6081297610987988e+01  -8.3080721659378014e+00
   1.5732896992783044e+01  -3.2100240341095407e+01   7.5339412315173945e+01  -5.1255415655210491e+01  -5.4489146928163990e+01  -5.3171543057582284e+01   7.5268701740330840e+01  -1.4124269551768876e+01
   1.5775701381146293e+01  -2.9664630148061832e+01   9.0864882936914569e+01  -3.5459037310282234e+01  -4.7480571415533319e+01  -6.1220645108731446e+01   6.3714777208418141e+01   3.4390354736459194e+00
   2.4262752346428631e+01  -3.1400090443429832e+01   6.7671165990185102e+01  -7.2584027425511692e+00  -3.2816824569648603e+01  -3.5585174025636526e+01   6.3668327486554467e+01   2.3848769717823579e+00
   2.5211873232345347e+01  -3.2778896546795174e+01   5.5001310600524519e+01  -1.3897725239609180e+01  -3.3768798911777864e+01  -3.2460512227114208e+01   7.1155381368921468e+01  -7.8428904822712724e+00
   1.9242868996229333e+01  -3.3827194631861872e+01   7.2044555246382558e+01  -3.4776256692650264e+01  -5.5221168040767843e+01  -2.0241876708382648e+01   7.0342785498264320e+01  -1.3659087868102340e+01
   1.9285673384592585e+01  -3.1391584438828296e+01   8.7570025868123182e+01  -1.8979878347722007e+01  -4.8212592528137165e+01  -2.8290978759531804e+01   5.8788860966351621e+01   3.9042171573124520e+00
   4.1825599193230630e+01  -2.2251771144092267e+01   5.8045493368480194e+01  -1.9871408897287395e+01  -4.2046422134375419e+01  -4.5864871515930261e+01   5.4052993423326846e+01   1.3572894322009837e+01
   4.2774720079147343e+01  -2.3630577247457616e+01   4.5375637978819611e+01  -2.6510731394345406e+01  -4.2998396476504681e+01  -4.2740209717407950e+01   6.1540047305693847e+01   3.3451268679562105e+00
   3.6805715843031322e+01  -2.4678875332524314e+01   6.2418882624677657e+01  -4.7389262847386490e+01  -6.4450765605494666e+01  -3.0521574198676376e+01   6.0727451435036699e+01  -2.4710705178748604e+00
   3.6848520231394573e+01  -2.2243265139490735e+01   7.7944353246418274e+01  -3.1592884502458233e+01  -5.7442190092863981e+01  -3.8570676249825539e+01   4.9173526903123999e+01   1.5092234507539935e+01
   2.1535201075617294e+01  -3.2909153213240835e+01   5.5861825873918555e+01  -2.9251468245367406e+01  -4.3575124802135633e+01  -7.0617938100413255e+01   5.7180892010524232e+01   1.6790554755420551e+01
   2.2484321961534011e+01  -3.4287959316606184e+01   4.3191970484257979e+01  -3.5890790742425416e+01  -4.4527099144264895e+01  -6.7493276301890930e+01   6.4667945892891240e+01   6.5627873013669209e+00
   1.6515317725417997e+01  -3.5336257401672874e+01   6.0235215130116018e+01  -5.6769322195466501e+01  -6.5979468273254867e+01  -5.5274640783159363e+01   6.3855350022234084e+01   7.4658991553585352e-01
   1.6558122113781245e+01  -3.2900647208639306e+01   7.5760685751856641e+01  -4.0972943850538243e+01  -5.8970892760624196e+01  -6.3323742834308526e+01   5.2301425490321385e+01   1.8309894940950649e+01
   9.7822185921381397e+00  -3.8449625304150331e+01   6.2527567152163961e+01  -2.3918762130521650e+01  -3.7580697422113829e+01  -6.9461249386500768e+01   6.4106849485393269e+01   9.5932302459493215e+00
   1.0731339478054856e+01  -3.9828431407515680e+01   4.9857711762503385e+01  -3.0558084627579660e+01  -3.8532671764243091e+01  -6.6336587587978443e+01   7.1593903367760262e+01  -6.3453720810430880e-01
   4.7623352419388461e+00  -4.0876729492582371e+01   6.6900956408361424e+01  -5.1436616080620752e+01  -5.9985040893233077e+01  -5.4117952069246883e+01   7.0781307497103114e+01  -6.4507345939353726e+00
   4.8051396303020937e+00  -3.8441119299548795e+01   8.2426427030102047e+01  -3.5640237735692487e+01  -5.2976465380602399e+01  -6.2167054120396038e+01   5.9227382965190422e+01   1.1112570431479421e+01
   1.3292190595584433e+01  -4.0176579594916802e+01   5.9232710083372581e+01  -7.4396031679614261e+00  -3.8312718534717675e+01  -3.6531583037301125e+01   5.9180933243326749e+01   1.0058411929615856e+01
   1.4241311481501150e+01  -4.1555385698282151e+01   4.6562854693711998e+01  -1.4078925665019433e+01  -3.9264692876846951e+01  -3.3406921238778807e+01   6.6667987125693742e+01  -1.6935552443776913e-01
   8.2723072453851376e+00  -4.2603683783348842e+01   6.3606099339570044e+01  -3.4957457118060525e+01  -6.0717062005836922e+01  -2.1188285720047240e+01   6.5855391255036594e+01  -5.9855529102688436e+00
   8.3151116337483870e+00  -4.0168073590315267e+01   7.9131569961310660e+01  -1.9161078773132264e+01  -5.3708486493206252e+01  -2.9237387771196399e+01   5.4301466723123895e+01   1.1577752115145953e+01
   3.0855037442386426e+01  -3.1028260295579237e+01   4.9607037461667673e+01  -2.0052609322697652e+01  -4.7542316099444491e+01  -4.6811280527594860e+01   4.9565599180099127e+01   2.1246429279843337e+01
   3.1804158328303142e+01  -3.2407066398944586e+01   3.6937182072007090e+01  -2.6691931819755659e+01  -4.8494290441573760e+01  -4.3686618729072535e+01   5.7052653062466121e+01   1.1018661825789708e+01
   2.5835154092187132e+01  -3.3455364484011284e+01   5.3980426717865136e+01  -4.7570463272796744e+01  -6.9946659570563739e+01  -3.1467983210340972e+01   5.6240057191808972e+01   5.2024644399586393e+00
   2.5877958480550380e+01  -3.1019754290977701e+01   6.9505897339605752e+01  -3.1774084927868490e+01  -6.2938084057933061e+01  -3.9517085261490131e+01   4.4686132659896273e+01   2.2765769465373435e+01
   1.7720326158760979e+01  -2.0907504750051970e+01   5.2761685277403146e+01  -9.1050183828859446e+00  -6.9116966105198770e+01  -7.9068020548928473e+01   6.6607345673596797e+01   1.2277226276170055e+01
   1.8669447044677696e+01  -2.2286310853417319e+01   4.0091829887742563e+01  -1.5744340879943948e+01  -7.0068940447328032e+01  -7.5943358750406162e+01   7.4094399555963790e+01   2.0494588221164278e+00
   1.2700442808561686e+01  -2.3334608938484017e+01   5.7135074533600609e+01  -3.6622872332985040e+01  -9.1521309576318004e+01  -6.3724723231674588e+01   7.3281803685306642e+01  -3.7667385637146467e+00
   1.2743247196924933e+01  -2.0898998745450438e+01   7.2660545155341225e+01  -2.0826493988056782e+01  -8.4512734063687333e+01  -7.1773825282823751e+01   6.1727879153393943e+01   1.3796566461700152e+01
   5.9673436752818283e+00  -2.6447976840961466e+01   5.9427426555648552e+01  -3.7723122680401886e+00  -6.3122538725176959e+01  -7.7911331835016000e+01   7.3533303148465819e+01   5.0799017666988249e+00
   6.9164645611985467e+00  -2.7826782944326816e+01   4.6757571165987969e+01  -1.0411634765098192e+01  -6.4074513067306228e+01  -7.4786670036493675e+01   8.1020357030832827e+01  -5.1478656873548019e+00
   9.4746032508253464e-01  -2.8875081029393513e+01   6.3800815811846014e+01  -3.1290166218139284e+01  -8.5526882196296214e+01  -6.2568034517762108e+01   8.0207761160175679e+01  -1.0964063073185876e+01
   9.9026471344578226e-01  -2.6439470836359931e+01   7.9326286433586631e+01  -1.5493787873211026e+01  -7.8518306683665514e+01  -7.0617136568911263e+01   6.8653836628262980e+01   6.5992419522289261e+00
   9.4773156787281216e+00  -2.8174931131727938e+01   5.6132569486857165e+01   1.2706846694520031e+01  -6.3854559837780819e+01  -4.4981665485816350e+01   6.8607386906399299e+01   5.5450834503653610e+00
   1.0426436564644838e+01  -2.9553737235093280e+01   4.3462714097196582e+01   6.0675241974620207e+00  -6.4806534179910074e+01  -4.1857003687294025e+01   7.6094440788766306e+01  -4.6826840036882729e+00
   4.4574323285288262e+00  -3.0602035320159978e+01   6.0505958743054627e+01  -1.4811007255579064e+01  -8.6258903308900059e+01  -2.9638368168562465e+01   7.5281844918109158e+01  -1.0498881389519340e+01
   4.5002367168920756e+00  -2.8166425127126402e+01   7.6031429364795244e+01   9.8537108934919360e-01  -7.9250327796269374e+01  -3.7687470219711628e+01   6.3727920386196459e+01   7.0644236358954586e+00
   2.7040162525530114e+01  -1.9026611832390373e+01   4.6506896865152257e+01   9.3840539783812460e-02  -7.3084157402507628e+01  -5.5261362976110085e+01   5.8992052843171678e+01   1.6733100800592840e+01
   2.7989283411446827e+01  -2.0405417935755722e+01   3.3837041475491681e+01  -6.5454819572741911e+00  -7.4036131744636890e+01  -5.2136701177587767e+01   6.6479106725538685e+01   6.5053333465392136e+00
   2.2020279175330817e+01  -2.1453716020822416e+01   5.0880286121349727e+01  -2.7424013410315283e+01  -9.5488500873626890e+01  -3.9918065658856193e+01   6.5666510854881523e+01   6.8913596070814265e-01
   2.2063083563694065e+01  -1.9018105827788840e+01   6.6405756743090336e+01  -1.1627635065387025e+01  -8.8479925360996191e+01  -4.7967167710005356e+01   5.4112586322968831e+01   1.8252440986122938e+01
   3.5936308419827341e+01  -1.0203201003134861e+01   6.6815853903669577e+01  -1.3997684908499654e+01  -5.3918600549904383e+01  -7.5409588487452368e+01   7.1234932179052663e+01   1.3813601514706590e+00
   3.6885429305744054e+01  -1.1582007106500214e+01   5.4145998514008994e+01  -2.0637007405557661e+01  -5.4870574892033652e+01  -7.2284926688930057e+01   7.8721986061419656e+01  -8.8464073025829677e+00
   3.0916425069628044e+01  -1.2630305191566904e+01   7.1189243159867033e+01  -4.1515538858598752e+01  -7.6322944021023631e+01  -6.0066291170198490e+01   7.7909390190762508e+01  -1.4662604688414042e+01
   3.0959229457991295e+01  -1.0194694998533329e+01   8.6714713781607657e+01  -2.5719160513670491e+01  -6.9314368508392946e+01  -6.8115393221347645e+01   6.6355465658849809e+01   2.9007003370007567e+00
   2.4183325936348187e+01  -1.5743673094044357e+01   7.3481595181914983e+01  -8.6649787936538978e+00  -4.7924173169882579e+01  -7.4252899773539895e+01   7.8160889653921700e+01  -5.8159643580005671e+00
   2.5132446822264903e+01  -1.7122479197409703e+01   6.0811739792254400e+01  -1.5304301290711901e+01  -4.8876147512011840e+01  -7.1128237975017569e+01   8.5647943536288693e+01  -1.6043731812054190e+01
   1.9163442586148893e+01  -1.8170777282476401e+01   7.7854984438112439e+01  -3.6182832743752996e+01  -7.0328516641001826e+01  -5.8909602456286002e+01   8.4835347665631545e+01  -2.1859929197885265e+01
   1.9206246974512140e+01  -1.5735167089442825e+01   9.3380455059853062e+01  -2.0386454398824732e+01  -6.3319941128371148e+01  -6.6958704507435172e+01   7.3281423133718846e+01  -4.2966241724704730e+00
   2.7693297939794480e+01  -1.7470627384810825e+01   7.0186738113123596e+01   7.8141801689063257e+00  -4.8656194282486432e+01  -4.1323233424340245e+01   7.3234973411855179e+01  -5.3507826743340345e+00
   2.8642418825711196e+01  -1.8849433488176171e+01   5.7516882723463013e+01   1.1748576718483150e+00  -4.9608168624615701e+01  -3.8198571625817934e+01   8.0722027294222173e+01  -1.5578550128387661e+01
   2.2673414589595186e+01  -1.9897731573242869e+01   7.4560127369321066e+01  -1.9703673781192773e+01  -7.1060537753605672e+01  -2.5979936107086360e+01   7.9909431423565024e+01  -2.1394747514218729e+01
   2.2716218977958434e+01  -1.7462121380209290e+01   9.0085597991061675e+01  -3.9072954362645120e+00  -6.4051962240975001e+01  -3.4029038158235522e+01   6.8355506891652325e+01  -3.8314424888039369e+00
   4.5256144786596472e+01  -8.3223080854732636e+00   6.0561065491418688e+01  -4.7988259858299003e+00  -5.7885791847213248e+01  -5.1602930914633987e+01   6.3619639348627551e+01   5.8372346758934484e+00
   4.6205265672513185e+01  -9.7011141888386163e+00   4.7891210101758105e+01  -1.1438148482887904e+01  -5.8837766189342517e+01  -4.8478269116111669e+01   7.1106693230994551e+01  -4.3905327781601819e+00
   4.0236261436397172e+01  -1.0749412273905303e+01   6.4934454747616158e+01  -3.2316679935928995e+01  -8.0290135318332489e+01  -3.6259633597380095e+01   7.0294097360337403e+01  -1.0206730163991253e+01
   4.0279065824760423e+01  -8.3138020808717297e+00   8.0459925369356768e+01  -1.6520301591000734e+01  -7.3281559805701818e+01  -4.4308735648529257e+01   5.8740172828424704e+01   7.3565748614235460e+00
   1.6162330571693772e+01  -8.2528680705971436e-01   5.9290599718316820e+01  -3.2965122076207301e+01  -3.1656993117131282e+01  -6.6796134558327736e+01   5.0048217153212349e+01   4.9669098254620110e+00
   1.7111451457610489e+01  -2.2040929104250644e+00   4.6620744328656244e+01  -3.9604444573265312e+01  -3.2608967459260548e+01  -6.3671472759805418e+01   5.7535271035579342e+01  -5.2608576285916158e+00
   1.1142447221494479e+01  -3.2523909954917567e+00   6.3663988974514282e+01  -6.0482976026306396e+01  -5.4061336588250526e+01  -5.1452837241073851e+01   5.6722675164922201e+01  -1.1077055014422690e+01
   1.1185251609857726e+01  -8.1678080245818130e-01   7.9189459596254892e+01  -4.4686597681378139e+01  -4.7052761075619856e+01  -5.9501939292223007e+01   4.5168750633009495e+01   6.4862500109921086e+00
   4.4093480882146210e+00  -6.3657588979692079e+00   6.5956340996562233e+01  -2.7632415961361545e+01  -2.5662565737109478e+01  -6.5639445844415249e+01   5.6974174628081386e+01  -2.2304146840092187e+00
   5.3584689741313385e+00  -7.7445650013345588e+00   5.3286485606901643e+01  -3.4271738458419556e+01  -2.6614540079238747e+01  -6.2514784045892931e+01   6.4461228510448379e+01  -1.2458182138062845e+01
  -6.1053526198467445e-01  -8.7928630864012494e+00   7.0329730252759688e+01  -5.5150269911460640e+01  -4.8066909208228722e+01  -5.0296148527161364e+01   6.3648632639791231e+01  -1.8274379523893920e+01
  -5.6773087362142505e-01  -6.3572528933676740e+00   8.5855200874500298e+01  -3.9353891566532383e+01  -4.1058333695598044e+01  -5.8345250578310527e+01   5.2094708107878532e+01  -7.1107449847912108e-01
   7.9193200916609117e+00  -8.0927131887356776e+00   6.2661483927770846e+01  -1.1153256998801318e+01  -2.6394586849713331e+01  -3.2709779495215614e+01   5.2048258386014858e+01  -1.7652330003426862e+00
   8.8684409775776274e+00  -9.4715192921010285e+00   4.9991628538110263e+01  -1.7792579495859325e+01  -2.7346561191842600e+01  -2.9585117696693292e+01   5.9535312268381858e+01  -1.1993000454396316e+01
   2.8994367414616171e+00  -1.0519817377167719e+01   6.7034873183968301e+01  -3.8671110948900413e+01  -4.8798930320832575e+01  -1.7366482177961728e+01   5.8722716397724710e+01  -1.7809197840227384e+01
   2.9422411298248665e+00  -8.0842071841341436e+00   8.2560343805708925e+01  -2.2874732603972156e+01  -4.1790354808201897e+01  -2.5415584229110884e+01   4.7168791865812011e+01  -2.4589281481258851e-01
   2.5482166938462903e+01   1.0556061106018841e+00   5.3035811306065938e+01  -2.3766263153537540e+01  -3.5624184414440151e+01  -4.2989476985509341e+01   4.2432924322787237e+01   9.4227843498847967e+00
   2.6431287824379623e+01  -3.2319999276346678e-01   4.0365955916405355e+01  -3.0405585650595551e+01  -3.6576158756569413e+01  -3.9864815186987030e+01   4.9919978205154237e+01  -8.0498310416883356e-01
   2.0462283588263610e+01  -1.3714980778301582e+00   5.7409200562263401e+01  -5.1284117103636639e+01  -5.8028527885559392e+01  -2.7646179668255456e+01   4.9107382334497089e+01  -6.6211804899999009e+00
   2.0505087976626861e+01   1.0641121152034172e+00   7.2934671184004017e+01  -3.5487738758708382e+01  -5.1019952372928714e+01  -3.5695281719404619e+01   3.7553457802584390e+01   1.0942124535414894e+01
   5.1917688208495747e+00  -9.6017759585466855e+00   5.0852143811504298e+01  -3.3146322501617554e+01  -3.7152887082200365e+01  -6.7742543569992321e+01   4.5560822909984623e+01   1.2640444783295507e+01
   6.1408897067662922e+00  -1.0980582061912038e+01   3.8182288421843715e+01  -3.9785644998675565e+01  -3.8104861424329627e+01  -6.4617881771470010e+01   5.3047876792351623e+01   2.4126773292418768e+00
   1.7188547065028104e-01  -1.2028880146978729e+01   5.5225533067701761e+01  -6.0664176451716649e+01  -5.9557230553319613e+01  -5.2399246252738436e+01   5.2235280921694482e+01  -3.4035200565891870e+00
   2.1468985901352866e-01  -9.5932699539451534e+00   7.0751003689442371e+01  -4.4867798106788392e+01  -5.2548655040688928e+01  -6.0448348303887599e+01   4.0681356389781776e+01   1.4159784968825607e+01
  -6.5612136626295765e+00  -1.5142248049456182e+01   5.7517885089749704e+01  -2.7813616386771798e+01  -3.1158459702178558e+01  -6.6585854856079848e+01   5.2486780384853660e+01   5.4431202738242810e+00
  -5.6120927767128634e+00  -1.6521054152821527e+01   4.4848029700089121e+01  -3.4452938883829809e+01  -3.2110434044307823e+01  -6.3461193057557523e+01   5.9973834267220660e+01  -4.7846471802293493e+00
  -1.1581097012828874e+01  -1.7569352237888225e+01   6.1891274345947167e+01  -5.5331470336870893e+01  -5.3562803173297802e+01  -5.1242557538825956e+01   5.9161238396563512e+01  -1.0600844566060417e+01
  -1.1538292624465626e+01  -1.5133742044854646e+01   7.7416744967687777e+01  -3.9535091991942636e+01  -4.6554227660667124e+01  -5.9291659589975119e+01   4.7607313864650806e+01   6.9624604593543786e+00
  -3.0512416591832832e+00  -1.6869202340222650e+01   5.4223028020958324e+01  -1.1334457424211575e+01  -3.1890480814782411e+01  -3.3656188506880198e+01   4.7560864142787139e+01   5.9083019574908135e+00
  -2.1021207732665683e+00  -1.8248008443587995e+01   4.1553172631297741e+01  -1.7973779921269582e+01  -3.2842455156911676e+01  -3.0531526708357880e+01   5.5047918025154132e+01  -4.3194654965628132e+00
  -8.0711250093825804e+00  -1.9296306528654689e+01   5.8596417277155787e+01  -3.8852311374310673e+01  -5.4294824285901655e+01  -1.8312891189626313e+01   5.4235322154496984e+01  -1.0135662882393888e+01
  -8.0283206210193327e+00  -1.6860696335621114e+01   7.4121887898896404e+01  -2.3055933029382413e+01  -4.7286248773270977e+01  -2.6361993240775476e+01   4.2681397622584285e+01   7.4276421430209112e+00
   1.4511605187618708e+01  -7.7208830408850879e+00   4.4597355399253416e+01  -2.3947463578947797e+01  -4.1120078379509224e+01  -4.3935885997173941e+01   3.7945530079559511e+01   1.7096319307718293e+01
   1.5460726073535424e+01  -9.0996891442504388e+00   3.1927500009592837e+01  -3.0586786076005804e+01  -4.2072052721638492e+01  -4.0811224198651615e+01   4.5432583961926511e+01   6.8685518536646661e+00
   9.4917218374194121e+00  -1.0147987229317131e+01   4.8970744655450879e+01  -5.1465317529046892e+01  -6.3524421850628478e+01  -2.8592588679920048e+01   4.4619988091269363e+01   1.0523544678335952e+00
   9.5345262257826615e+00  -7.7123770362835540e+00   6.4496215277191496e+01  -3.5668939184118635e+01  -5.6515846337997793e+01  -3.6641690731069211e+01   3.3066063559356664e+01   1.8615659493248391e+01
   1.3768939039932633e+00   2.3998725046421807e+00   4.7752003214988882e+01  -1.2999872639136093e+01  -6.2694728385263502e+01  -7.6192626018507553e+01   5.4987276573057187e+01   8.1271163040450123e+00
   2.3260147899099799e+00   1.0210664012768298e+00   3.5082147825328306e+01  -1.9639195136194100e+01  -6.3646702727392771e+01  -7.3067964219985242e+01   6.2474330455424180e+01  -2.1006511500086162e+00
  -3.6429894462060304e+00  -2.7231683789861627e-02   5.2125392471186345e+01  -4.0517726589235188e+01  -8.5099071856382750e+01  -6.0849328701253668e+01   6.1661734584767032e+01  -7.9168485358396907e+00
  -3.6001850578427828e+00   2.4083785092437138e+00   6.7650863092926969e+01  -2.4721348244306931e+01  -7.8090496343752065e+01  -6.8898430752402831e+01   5.0107810052854333e+01   9.6464564895751099e+00
  -1.0376088579485891e+01  -3.1405995862673137e+00   5.4417744493234288e+01  -7.6671665242903373e+00  -5.6700301005241698e+01  -7.5035937304595066e+01   6.1913234047926217e+01   9.2979179457378436e-01
  -9.4269676935691749e+00  -4.5194056896326646e+00   4.1747889103573712e+01  -1.4306489021348341e+01  -5.7652275347370960e+01  -7.1911275506072755e+01   6.9400287930293217e+01  -9.2979756594798459e+00
  -1.5395971929685189e+01  -5.5677037746993534e+00   5.8791133749431751e+01  -3.5185020474389432e+01  -7.9104644476360946e+01  -5.9692639987341188e+01   6.8587692059636069e+01  -1.5114173045310920e+01
  -1.5353167541321938e+01  -3.1320935816657798e+00   7.4316604371172360e+01  -1.9388642129461175e+01  -7.2096068963730261e+01  -6.7741742038490344e+01   5.7033767527723370e+01   2.4491319801038784e+00
  -6.8661165760395981e+00  -4.8675538770337816e+00   5.1122887424442908e+01   8.8119924382698827e+00  -5.7432322117845551e+01  -4.2106270955395431e+01   5.6987317805859696e+01   1.3949734782403169e+00
  -5.9169956901228815e+00  -6.2463599803991343e+00   3.8453032034782325e+01   2.1726699412118791e+00  -5.8384296459974820e+01  -3.8981609156873112e+01   6.4474371688226697e+01  -8.8327939758133169e+00
  -1.1885999926238895e+01  -7.2946580654658231e+00   5.5496276680640371e+01  -1.8705861511829212e+01  -7.9836665588964792e+01  -2.6762973638141546e+01   6.3661775817569549e+01  -1.4648991361644377e+01
  -1.1843195537875644e+01  -4.8590478724322494e+00   7.1021747302380987e+01  -2.9094831669009551e+00  -7.2828090076334121e+01  -3.4812075689290708e+01   5.2107851285656849e+01   2.9143136637704146e+00
   1.0696730270762394e+01   4.2807654223037801e+00   4.1497214802738000e+01  -3.8010137164663362e+00  -6.6661919682572375e+01  -5.2385968445689166e+01   4.7371983742632068e+01   1.2582990828467800e+01
   1.1645851156679113e+01   2.9019593189384292e+00   2.8827359413077417e+01  -1.0440336213524340e+01  -6.7613894024701636e+01  -4.9261306647166847e+01   5.4859037624999068e+01   2.3552233744141695e+00
   5.6768469205630998e+00   1.8536612338717369e+00   4.5870604058935463e+01  -3.1318867666565431e+01  -8.9066263153691608e+01  -3.7042671128435273e+01   5.4046441754341927e+01  -3.4609740114169014e+00
   5.7196513089263483e+00   4.2892714269053123e+00   6.1396074680676080e+01  -1.5522489321637174e+01  -8.2057687641060937e+01  -4.5091773179584436e+01   4.2492517222429221e+01   1.4102331013997897e+01
   1.9592876165059621e+01   1.3104176251559291e+01   6.1806171841255313e+01  -1.7892539164749806e+01  -4.7496362829969115e+01  -7.2534193957031448e+01   5.9614863078513054e+01  -2.7687498206543815e+00
   2.0541997050976338e+01   1.1725370148193939e+01   4.9136316451594737e+01  -2.4531861661807817e+01  -4.8448337172098384e+01  -6.9409532158509137e+01   6.7101916960880047e+01  -1.2996517274708012e+01
   1.4572992814860326e+01   1.0677072063127248e+01   6.6179561097452776e+01  -4.5410393114848901e+01  -6.9900706301088363e+01  -5.7190896639777563e+01   6.6289321090222899e+01  -1.8812714660539086e+01
   1.4615797203223575e+01   1.3112682256160824e+01   8.1705031719193386e+01  -2.9614014769920644e+01  -6.2892130788457685e+01  -6.5239998690926726e+01   5.4735396558310200e+01  -1.2494096351242874e+00
   7.8398936815804694e+00   7.5637041606497970e+00   6.8471913119500726e+01  -1.2559833049904050e+01  -4.1501935449947318e+01  -7.1377505243118975e+01   6.6540820553382090e+01  -9.9660743301256076e+00
   8.7890145674971869e+00   6.1848980572844461e+00   5.5802057729840143e+01  -1.9199155546962057e+01  -4.2453909792076587e+01  -6.8252843444596650e+01   7.4027874435749084e+01  -2.0193841784179234e+01
   2.8200103313811766e+00   5.1365999722177547e+00   7.2845302375698182e+01  -4.0077687000003145e+01  -6.3906278921066566e+01  -5.6034207925865083e+01   7.3215278565091936e+01  -2.6010039170010309e+01
   2.8628147197444225e+00   7.5722101652513292e+00   8.8370772997438792e+01  -2.4281308655074888e+01  -5.6897703408435888e+01  -6.4083309977014238e+01   6.1661354033179236e+01  -8.4467341445955135e+00
   1.1349865685026762e+01   5.8367498698833282e+00   6.5177056050709339e+01   3.9193259126561770e+00  -4.2233956562551171e+01  -3.8447838893919325e+01   6.1614904311315570e+01  -9.5008926464590786e+00
   1.2298986570943478e+01   4.4579437665179782e+00   5.2507200661048756e+01  -2.7199965844018337e+00  -4.3185930904680433e+01  -3.5323177095397007e+01   6.9101958193682563e+01  -1.9728660100512705e+01
   6.3299823348274673e+00   3.4096456814512863e+00   6.9550445306906809e+01  -2.3598528037442922e+01  -6.4638300033670419e+01  -2.3104541576665440e+01   6.8289362323025415e+01  -2.5544857486343773e+01
   6.3727867231907158e+00   5.8452558744848613e+00   8.5075915928647419e+01  -7.8021496925146607e+00  -5.7629724521039734e+01  -3.1153643627814599e+01   5.6735437791112716e+01  -7.9815524609289810e+00
   2.8912712531828753e+01   1.4985069169220889e+01   5.5551383429004431e+01  -8.6936802420800490e+00  -5.1463554127277988e+01  -4.8727536384213060e+01   5.1999570248087942e+01   1.6871247037684043e+00
   2.9861833417745469e+01   1.3606263065855538e+01   4.2881528039343848e+01  -1.5333002739138060e+01  -5.2415528469407249e+01  -4.5602874585690742e+01   5.9486624130454942e+01  -8.5406427502852296e+00
   2.3892829181629459e+01   1.2557964980788846e+01   5.9924772685201901e+01  -3.6211534192179144e+01  -7.3867897598397235e+01  -3.3384239066959175e+01   5.8674028259797794e+01  -1.4356840136116290e+01
   2.3935633569992710e+01   1.4993575173822421e+01   7.5450243306942511e+01  -2.0415155847250887e+01  -6.6859322085766550e+01  -4.1433341118108338e+01   4.7120103727885095e+01   3.2064648892984984e+00