   6.9102895470944688e+01   3.8488753986683093e+01  -5.5188763395943035e+01
   6.9247043959395057e+01   3.9751941197454990e+01  -5.4479175287375966e+01
   6.9517272873698118e+01   4.2119983430835418e+01  -5.3148941261047810e+01
   7.0023772644928926e+01   4.6558490141212502e+01  -5.0655635791659691e+01
   7.0973162706738506e+01   5.4878087502268230e+01  -4.5982150099967477e+01
   7.2752792620295850e+01   7.0473157356135189e+01  -3.7221709821432270e+01
   6.8955129376824090e+01   3.9210944671722650e+01  -5.6444367551666659e+01
   6.9099277865274445e+01   4.0474131882494547e+01  -5.5734779443099590e+01
   6.9369506779577520e+01   4.2842174115874975e+01  -5.4404545416771434e+01
   6.9876006550808327e+01   4.7280680826252066e+01  -5.1911239947383315e+01
   7.0825396612617908e+01   5.5600278187307794e+01  -4.7237754255691101e+01
   7.2605026526175251e+01   7.1195348041174753e+01  -3.8477313977155887e+01
   6.8678118694198972e+01   4.0564804201128887e+01  -5.8798194160902661e+01
   6.8822267182649341e+01   4.1827991411900783e+01  -5.8088606052335599e+01
   6.9092496096952402e+01   4.4196033645281211e+01  -5.6758372026007436e+01
   6.9598995868183209e+01   4.8634540355658302e+01  -5.4265066556619317e+01
   7.0548385929992790e+01   5.6954137716714030e+01  -4.9591580864927110e+01
   7.2328015843550133e+01   7.2549207570580990e+01  -4.0831140586391896e+01
   6.8158907610736762e+01   4.3102391800484924e+01  -6.3210056015766710e+01
   6.8303056099187117e+01   4.4365579011256827e+01  -6.2500467907199649e+01
   6.8573285013490192e+01   4.6733621244637249e+01  -6.1170233880871493e+01
   6.9079784784720999e+01   5.1172127955014332e+01  -5.8676928411483374e+01
   7.0029174846530580e+01   5.9491725316070060e+01  -5.4003442719791160e+01
   7.1808804760087924e+01   7.5086795169937020e+01  -4.5243002441255953e+01
   6.7185691292351123e+01   4.7858880519019856e+01  -7.1479709897162095e+01
   6.7329839780801493e+01   4.9122067729791752e+01  -7.0770121788595034e+01
   6.7600068695104554e+01   5.1490109963172181e+01  -6.9439887762266878e+01
   6.8106568466335361e+01   5.5928616673549271e+01  -6.6946582292878759e+01
   6.9055958528144942e+01   6.4248214034604999e+01  -6.2273096601186545e+01
   7.0835588441702299e+01   7.9843283888471959e+01  -5.3512656322651338e+01
   6.5361399104943985e+01   5.6774909817734560e+01  -8.6981160790850282e+01
   6.5505547593394340e+01   5.8038097028506456e+01  -8.6271572682283221e+01
   6.5775776507697401e+01   6.0406139261886885e+01  -8.4941338655955050e+01
   6.6282276278928208e+01   6.4844645972263976e+01  -8.2448033186566931e+01
   6.7231666340737803e+01   7.3164243333319703e+01  -7.7774547494874724e+01
   6.9011296254295146e+01   8.8759313187186649e+01  -6.9014107216339511e+01
   6.7661603552315498e+01   3.8541048202275242e+01  -5.4989066324582978e+01
   6.7805752040765853e+01   3.9804235413047145e+01  -5.4279478216015917e+01
   6.8075980955068928e+01   4.2172277646427574e+01  -5.2949244189687754e+01
   6.8582480726299735e+01   4.6610784356804658e+01  -5.0455938720299635e+01
   6.9531870788109316e+01   5.4930381717860385e+01  -4.5782453028607421e+01
   7.1311500701666660e+01   7.0525451571727345e+01  -3.7022012750072214e+01
   6.7513837458194899e+01   3.9263238887314806e+01  -5.6244670480306603e+01
   6.7657985946645255e+01   4.0526426098086702e+01  -5.5535082371739534e+01
   6.7928214860948330e+01   4.2894468331467131e+01  -5.4204848345411378e+01
   6.8434714632179137e+01   4.7332975041844222e+01  -5.1711542876023259e+01
   6.9384104693988718e+01   5.5652572402899942e+01  -4.7038057184331045e+01
   7.1163734607546061e+01   7.1247642256766895e+01  -3.8277616905795838e+01
   6.7236826775569781e+01   4.0617098416721035e+01  -5.8598497089542612e+01
   6.7380975264020137e+01   4.1880285627492938e+01  -5.7888908980975543e+01
   6.7651204178323212e+01   4.4248327860873367e+01  -5.6558674954647387e+01
   6.8157703949554019e+01   4.8686834571250458e+01  -5.4065369485259268e+01
   6.9107094011363600e+01   5.7006431932306178e+01  -4.9391883793567054e+01
   7.0886723924920943e+01   7.2601501786173131e+01  -4.0631443515031847e+01
   6.6717615692107557e+01   4.3154686016077072e+01  -6.3010358944406661e+01
   6.6861764180557927e+01   4.4417873226848975e+01  -6.2300770835839593e+01
   6.7131993094861002e+01   4.6785915460229404e+01  -6.0970536809511437e+01
   6.7638492866091809e+01   5.1224422170606488e+01  -5.8477231340123318e+01
   6.8587882927901390e+01   5.9544019531662215e+01  -5.3803745648431104e+01
   7.0367512841458733e+01   7.5139089385529175e+01  -4.5043305369895897e+01
   6.5744399373721933e+01   4.7911174734612004e+01  -7.1280012825802046e+01
   6.5888547862172302e+01   4.9174361945383907e+01  -7.0570424717234985e+01
   6.6158776776475364e+01   5.1542404178764329e+01  -6.9240190690906829e+01
   6.6665276547706171e+01   5.5980910889141427e+01  -6.6746885221518710e+01
   6.7614666609515751e+01   6.4300508250197154e+01  -6.2073399529826489e+01
   6.9394296523073109e+01   7.9895578104064100e+01  -5.3312959251291282e+01
   6.3920107186314780e+01   5.6827204033326709e+01  -8.6781463719490219e+01
   6.4064255674765150e+01   5.8090391244098612e+01  -8.6071875610923158e+01
   6.4334484589068211e+01   6.0458433477479034e+01  -8.4741641584595001e+01
   6.4840984360299018e+01   6.4896940187856131e+01  -8.2248336115206882e+01
   6.5790374422108613e+01   7.3216537548911859e+01  -7.7574850423514661e+01
   6.7570004335665942e+01   8.8811607402778804e+01  -6.8814410144979462e+01
   6.4959676154033644e+01   3.8639081898332101e+01  -5.4614702893073868e+01
   6.5103824642484000e+01   3.9902269109103997e+01  -5.3905114784506800e+01
   6.5374053556787075e+01   4.2270311342484426e+01  -5.2574880758178644e+01
   6.5880553328017882e+01   4.6708818052861517e+01  -5.0081575288790525e+01
   6.6829943389827463e+01   5.5028415413917244e+01  -4.5408089597098311e+01
   6.8609573303384806e+01   7.0623485267784204e+01  -3.6647649318563104e+01
   6.4811910059913046e+01   3.9361272583371658e+01  -5.5870307048797486e+01
   6.4956058548363401e+01   4.0624459794143561e+01  -5.5160718940230424e+01
   6.5226287462666477e+01   4.2992502027523983e+01  -5.3830484913902268e+01
   6.5732787233897284e+01   4.7431008737901074e+01  -5.1337179444514149e+01
   6.6682177295706865e+01   5.5750606098956801e+01  -4.6663693752821928e+01
   6.8461807209264208e+01   7.1345675952823754e+01  -3.7903253474286721e+01
   6.4534899377287928e+01   4.0715132112777894e+01  -5.8224133658033494e+01
   6.4679047865738283e+01   4.1978319323549798e+01  -5.7514545549466433e+01
   6.4949276780041359e+01   4.4346361556930219e+01  -5.6184311523138270e+01
   6.5455776551272166e+01   4.8784868267307310e+01  -5.3691006053750151e+01
   6.6405166613081747e+01   5.7104465628363037e+01  -4.9017520362057937e+01
   6.8184796526639090e+01   7.2699535482229990e+01  -4.0257080083522737e+01
   6.4015688293825718e+01   4.3252719712133931e+01  -6.2635995512897544e+01
   6.4159836782276074e+01   4.4515906922905828e+01  -6.1926407404330483e+01
   6.4430065696579135e+01   4.6883949156286256e+01  -6.0596173378002320e+01
   6.4936565467809942e+01   5.1322455866663347e+01  -5.8102867908614201e+01
   6.5885955529619537e+01   5.9642053227719074e+01  -5.3429382216921994e+01
   6.7665585443176880e+01   7.5237123081586034e+01  -4.4668941938386780e+01
   6.3042471975440080e+01   4.8009208430668863e+01  -7.0905649394292936e+01
   6.3186620463890449e+01   4.9272395641440767e+01  -7.0196061285725875e+01
   6.3456849378193510e+01   5.1640437874821188e+01  -6.8865827259397719e+01
   6.3963349149424317e+01   5.6078944585198279e+01  -6.6372521790009586e+01
   6.4912739211233898e+01   6.4398541946253999e+01  -6.1699036098317379e+01
   6.6692369124791242e+01   7.9993611800120959e+01  -5.2938595819782172e+01
   6.1218179788032927e+01   5.6925237729383568e+01  -8.6407100287981109e+01
   6.1362328276483296e+01   5.8188424940155471e+01  -8.5697512179414048e+01
   6.1632557190786358e+01   6.0556467173535893e+01  -8.4367278153085891e+01
   6.2139056962017165e+01   6.4994973883912991e+01  -8.1873972683697772e+01
   6.3088447023826753e+01   7.3314571244968704e+01  -7.7200486992005551e+01
   6.4868076937384103e+01   8.8909641098835664e+01  -6.8440046713470352e+01
   5.9895356472916234e+01   3.8822829980041888e+01  -5.3913020051674117e+01
   6.0039504961366589e+01   4.0086017190813791e+01  -5.3203431943107049e+01
   6.0309733875669657e+01   4.2454059424194220e+01  -5.1873197916778892e+01
   6.0816233646900471e+01   4.6892566134571311e+01  -4.9379892447390773e+01
   6.1765623708710052e+01   5.5212163495627038e+01  -4.4706406755698559e+01
   6.3545253622267396e+01   7.0807233349493998e+01  -3.5945966477163353e+01
   5.9747590378795636e+01   3.9545020665081452e+01  -5.5168624207397741e+01
   5.9891738867245991e+01   4.0808207875853356e+01  -5.4459036098830673e+01
   6.0161967781549059e+01   4.3176250109233777e+01  -5.3128802072502509e+01
   6.0668467552779873e+01   4.7614756819610868e+01  -5.0635496603114390e+01
   6.1617857614589454e+01   5.5934354180666595e+01  -4.5962010911422183e+01
   6.3397487528146797e+01   7.1529424034533548e+01  -3.7201570632886970e+01
   5.9470579696170518e+01   4.0898880194487688e+01  -5.7522450816633743e+01
   5.9614728184620873e+01   4.2162067405259592e+01  -5.6812862708066682e+01
   5.9884957098923941e+01   4.4530109638640013e+01  -5.5482628681738518e+01
   6.0391456870154755e+01   4.8968616349017104e+01  -5.2989323212350399e+01
   6.1340846931964336e+01   5.7288213710072831e+01  -4.8315837520658192e+01
   6.3120476845521679e+01   7.2883283563939784e+01  -3.9555397242122979e+01
   5.8951368612708301e+01   4.3436467793843725e+01  -6.1934312671497793e+01
   5.9095517101158663e+01   4.4699655004615629e+01  -6.1224724562930732e+01
   5.9365746015461731e+01   4.7067697237996050e+01  -5.9894490536602575e+01
   5.9872245786692538e+01   5.1506203948373141e+01  -5.7401185067214456e+01
   6.0821635848502126e+01   5.9825801309428869e+01  -5.2727699375522235e+01
   6.2601265762059469e+01   7.5420871163295828e+01  -4.3967259096987036e+01
   5.7978152294322669e+01   4.8192956512378657e+01  -7.0203966552893178e+01
   5.8122300782773038e+01   4.9456143723150561e+01  -6.9494378444326117e+01
   5.8392529697076100e+01   5.1824185956530982e+01  -6.8164144417997960e+01
   5.8899029468306907e+01   5.6262692666908073e+01  -6.5670838948609841e+01
   5.9848419530116495e+01   6.4582290027963793e+01  -6.0997353256917627e+01
   6.1628049443673838e+01   8.0177359881830753e+01  -5.2236912978382421e+01
   5.6153860106915523e+01   5.7108985811093362e+01  -8.5705417446581365e+01
   5.6298008595365886e+01   5.8372173021865265e+01  -8.4995829338014289e+01
   5.6568237509668947e+01   6.0740215255245687e+01  -8.3665595311686133e+01
   5.7074737280899754e+01   6.5178721965622771e+01  -8.1172289842298014e+01
   5.8024127342709342e+01   7.3498319326678498e+01  -7.6498804150605807e+01
   5.9803757256266685e+01   8.9093389180545458e+01  -6.7738363872070593e+01
   5.0402726765708373e+01   3.9167249884177167e+01  -5.2597776187795517e+01
   5.0546875254158735e+01   4.0430437094949070e+01  -5.1888188079228449e+01
   5.0817104168461803e+01   4.2798479328329492e+01  -5.0557954052900293e+01
   5.1323603939692610e+01   4.7236986038706583e+01  -4.8064648583512174e+01
   5.2272994001502191e+01   5.5556583399762310e+01  -4.3391162891819960e+01
   5.4052623915059534e+01   7.1151653253629263e+01  -3.4630722613284753e+01
   5.0254960671587774e+01   3.9889440569216731e+01  -5.3853380343519134e+01
   5.0399109160038137e+01   4.1152627779988627e+01  -5.3143792234952073e+01
   5.0669338074341205e+01   4.3520670013369056e+01  -5.1813558208623917e+01
   5.1175837845572012e+01   4.7959176723746140e+01  -4.9320252739235798e+01
   5.2125227907381593e+01   5.6278774084801867e+01  -4.4646767047543584e+01
   5.3904857820938936e+01   7.1873843938668827e+01  -3.5886326769008377e+01
   4.9977949988962656e+01   4.1243300098622960e+01  -5.6207206952755143e+01
   5.0122098477413019e+01   4.2506487309394863e+01  -5.5497618844188082e+01
   5.0392327391716087e+01   4.4874529542775292e+01  -5.4167384817859919e+01
   5.0898827162946894e+01   4.9313036253152376e+01  -5.1674079348471807e+01
   5.1848217224756475e+01   5.7632633614208103e+01  -4.7000593656779586e+01
   5.3627847138313818e+01   7.3227703468075063e+01  -3.8240153378244379e+01
   4.9458738905500439e+01   4.3780887697978997e+01  -6.0619068807619193e+01
   4.9602887393950809e+01   4.5044074908750900e+01  -5.9909480699052132e+01
   4.9873116308253870e+01   4.7412117142131322e+01  -5.8579246672723968e+01
   5.0379616079484677e+01   5.1850623852508413e+01  -5.6085941203335850e+01
   5.1329006141294265e+01   6.0170221213564140e+01  -5.1412455511643643e+01
   5.3108636054851608e+01   7.5765291067431093e+01  -4.2652015233108429e+01
   4.8485522587114815e+01   4.8537376416513936e+01  -6.8888722689014585e+01
   4.8629671075565177e+01   4.9800563627285833e+01  -6.8179134580447524e+01
   4.8899899989868246e+01   5.2168605860666254e+01  -6.6848900554119354e+01
   4.9406399761099053e+01   5.6607112571043345e+01  -6.4355595084731249e+01
   5.0355789822908633e+01   6.4926709932099072e+01  -5.9682109393039028e+01
   5.2135419736465977e+01   8.0521779785966032e+01  -5.0921669114503821e+01
   4.6661230399707662e+01   5.7453405715228634e+01  -8.4390173582702758e+01
   4.6805378888158025e+01   5.8716592926000537e+01  -8.3680585474135697e+01
   4.7075607802461093e+01   6.1084635159380959e+01  -8.2350351447807540e+01
   4.7582107573691900e+01   6.5523141869758049e+01  -7.9857045978419421e+01
   4.8531497635501481e+01   7.3842739230813777e+01  -7.5183560286727200e+01
   5.0311127549058824e+01   8.9437809084680737e+01  -6.6423120008192001e+01
   3.2608809950241991e+01   3.9812864356963402e+01  -5.0132353999448910e+01
   3.2752958438692360e+01   4.1076051567735306e+01  -4.9422765890881848e+01
   3.3023187352995421e+01   4.3444093801115727e+01  -4.8092531864553692e+01
   3.3529687124226228e+01   4.7882600511492818e+01  -4.5599226395165573e+01
   3.4479077186035816e+01   5.6202197872548545e+01  -4.0925740703473352e+01
   3.6258707099593160e+01   7.1797267726415498e+01  -3.2165300424938152e+01
   3.2461043856121393e+01   4.0535055042002966e+01  -5.1387958155172534e+01
   3.2605192344571762e+01   4.1798242252774862e+01  -5.0678370046605465e+01
   3.2875421258874823e+01   4.4166284486155284e+01  -4.9348136020277309e+01
   3.3381921030105630e+01   4.8604791196532375e+01  -4.6854830550889190e+01
   3.4331311091915218e+01   5.6924388557588102e+01  -4.2181344859196976e+01
   3.6110941005472561e+01   7.2519458411455062e+01  -3.3420904580661770e+01
   3.2184033173496275e+01   4.1888914571409202e+01  -5.3741784764408543e+01
   3.2328181661946644e+01   4.3152101782181099e+01  -5.3032196655841474e+01
   3.2598410576249705e+01   4.5520144015561520e+01  -5.1701962629513318e+01
   3.3104910347480512e+01   4.9958650725938611e+01  -4.9208657160125199e+01
   3.4054300409290100e+01   5.8278248086994338e+01  -4.4535171468432985e+01
   3.5833930322847444e+01   7.3873317940861298e+01  -3.5774731189897778e+01
   3.1664822090034065e+01   4.4426502170765232e+01  -5.8153646619272592e+01
   3.1808970578484431e+01   4.5689689381537136e+01  -5.7444058510705524e+01
   3.2079199492787495e+01   4.8057731614917557e+01  -5.6113824484377368e+01
   3.2585699264018302e+01   5.2496238325294648e+01  -5.3620519014989249e+01
   3.3535089325827883e+01   6.0815835686350376e+01  -4.8947033323297035e+01
   3.5314719239385234e+01   7.6410905540217328e+01  -4.0186593044761828e+01
   3.0691605771648433e+01   4.9182990889300171e+01  -6.6423300500667978e+01
   3.0835754260098799e+01   5.0446178100072068e+01  -6.5713712392100916e+01
   3.1105983174401864e+01   5.2814220333452489e+01  -6.4383478365772760e+01
   3.1612482945632674e+01   5.7252727043829580e+01  -6.1890172896384641e+01
   3.2561873007442259e+01   6.5572324404885308e+01  -5.7216687204692427e+01
   3.4341502920999602e+01   8.1167394258752267e+01  -4.8456246926157220e+01
   2.8867313584241288e+01   5.8099020188014869e+01  -8.1924751394356150e+01
   2.9011462072691646e+01   5.9362207398786772e+01  -8.1215163285789089e+01
   2.9281690986994718e+01   6.1730249632167194e+01  -7.9884929259460932e+01
   2.9788190758225522e+01   6.6168756342544285e+01  -7.7391623790072813e+01
   3.0737580820035106e+01   7.4488353703600012e+01  -7.2718138098380592e+01
   3.2517210733592449e+01   9.0083423557466972e+01  -6.3957697819845393e+01