   7.0780057689020964e+01   4.7704949158784054e+01
   6.9329297599586667e+01   4.7581534561168453e+01
   6.6609620632477544e+01   4.7350174572025729e+01
   6.1512032296251036e+01   4.6916528224909356e+01
   5.1957043369307293e+01   4.6103695612385408e+01
   3.4046234311871842e+01   4.4580042384748495e+01
   7.0656643091405357e+01   4.9155709248218336e+01
   6.9205883001971060e+01   4.9032294650602736e+01
   6.6486206034861937e+01   4.8800934661460012e+01
   6.1388617698635429e+01   4.8367288314343639e+01
   5.1833628771691686e+01   4.7554455701819691e+01
   3.3922819714256235e+01   4.6030802474182778e+01
   7.0425283102262625e+01   5.1875386215327460e+01
   6.8974523012828342e+01   5.1751971617711853e+01
   6.6254846045719219e+01   5.1520611628569135e+01
   6.1157257709492704e+01   5.1086965281452756e+01
   5.1602268782548961e+01   5.0274132668928814e+01
   3.3691459725113518e+01   4.8750479441291901e+01
   6.9991636755146246e+01   5.6972974551553982e+01
   6.8540876665711963e+01   5.6849559953938368e+01
   6.5821199698602840e+01   5.6618199964795650e+01
   6.0723611362376325e+01   5.6184553617679271e+01
   5.1168622435432582e+01   5.5371721005155329e+01
   3.3257813377997138e+01   5.3848067777518416e+01
   6.9178804142622297e+01   6.6527963478497725e+01
   6.7728044053188015e+01   6.6404548880882118e+01
   6.5008367086078891e+01   6.6173188891739400e+01
   5.9910778749852376e+01   6.5739542544623021e+01
   5.0355789822908633e+01   6.4926709932099072e+01
   3.2444980765473190e+01   6.3403056704462159e+01
   6.7655150914985384e+01   8.4438772535933168e+01
   6.6204390825551087e+01   8.4315357938317561e+01
   6.3484713858441971e+01   8.4083997949174844e+01
   5.8387125522215456e+01   8.3650351602058464e+01
   4.8832136595271713e+01   8.2837518989534516e+01
   3.0921327537836270e+01   8.1313865761897603e+01