   4.0562112973766173e-01   1.1304647459944779e-02   3.5717682774758713e-01  -2.7770011689716473e-01   1.9793116840582537e-02   2.8083960627877858e-01  -5.4743656190291379e-01  -5.2048371159032429e-02   1.8337173595309370e-02  -4.9865452643957936e-01
   6.9653224200796715e-01   1.0251983962538751e-01  -6.7651355857666989e-02   5.4349544880812917e-01  -1.1865246986824279e-01   2.0350712131402585e-01   1.9648310346169168e-02  -2.0021611911334822e-01  -5.2139433061618536e-02   3.2509057436104738e-01
   1.3687668672626968e-01   1.8221076216011502e-03  -5.4104167646192647e-01   1.3645414628551542e-01  -8.0013699180379400e-02   1.6050144601755939e-01   1.3034172511039112e-02   6.0485959160607217e-01   4.0558402420776968e-01  -3.2745885346662079e-01
  -7.1733371866783838e-03   4.5614872340692203e-01   1.3223491340593491e-01  -1.3452607080818918e-01  -4.0884503275713646e-01  -1.2663831479427248e-01  -2.9658547917196049e-01   5.2405451011399595e-01  -3.0082111985141602e-01   3.4642835270517386e-01
  -4.0250285077290676e-01  -4.9890996568320162e-01   6.4135607100078457e-02   4.7463519609697941e-01  -1.6309728635332299e-01   3.3731639039498640e-01  -3.8204595284028170e-01   1.1650599645049188e-01  -2.4323198019762840e-01   2.4712957395174068e-02
   6.7502736536708116e-02  -1.3273138308694407e-01  -4.8434166979318799e-01  -5.1201727245928164e-01   1.6399007455428136e-01   4.9846390398938711e-01  -4.0149819953463457e-02  -5.8270982291350318e-02  -3.1774173040773090e-01   3.1583364183464308e-01
   2.7910804017860730e-01  -4.5065417616079351e-01  -1.5728590801436151e-01  -1.5052887308640989e-01  -5.0084929311598203e-01  -3.7000164287745468e-01   2.0363323528542623e-01  -1.8194761953066085e-02  -4.0669012020858386e-01  -2.7688641899977701e-01
  -5.9543064164184041e-02   3.7163697690627356e-01  -3.0337398258547299e-01   2.8239977118170184e-01   4.0326189585082078e-01  -1.6881436129116162e-01  -1.1477066813583930e-01  -4.3417919249358151e-02  -5.7677753210703187e-01  -3.8432666845997893e-01
   1.8449118953295349e-01  -1.8174174689494446e-01   4.4078827086128175e-01   2.0776475086023049e-02   3.8261880397191866e-01   1.8324126117830514e-01   4.6913405031808564e-01   5.1529966063175947e-01  -2.6927222822152336e-01  -1.0219467542480001e-02
  -2.2243833505084895e-01   3.7486643476474668e-01   8.8694310324180139e-02   2.2312629848361697e-02  -4.4565971488589096e-01   5.2601379758916988e-01   4.3531326928409381e-01  -1.7887749347080073e-01  -1.0609038127853854e-01  -3.0590642889707487e-01
   3.6211304919386378e-01  -2.5332173718506523e-01  -1.0922653401543291e-01   3.5624447759193512e-01   3.5497771177649962e-01  -6.0633281218457968e-01   3.1722742545439719e-01   2.2147667675434909e-01  -1.2440842935238500e-01   8.3966680505092650e-02
  -3.8416019812537794e-01  -4.7658743122019265e-01   6.3027347090196861e-02   2.7390361831602261e-01   5.8733484589355045e-01   3.0466922265522683e-01  -3.7399934629718135e-02  -3.0916603092593570e-01   9.9786462272630466e-02  -3.9552998565716764e-02
  -4.9033259928702105e-01   1.1767759365937602e-04   3.0164797701048551e-01  -3.3171774845686608e-01  -6.9104671976723805e-02  -4.9247682754636157e-01   4.1690249966241610e-01  -2.6392649272909835e-01  -2.1060322807479364e-02  -2.5947727300798262e-01
   4.8572351193941254e-01  -3.6509778521423825e-01  -1.0768896077013870e-03  -2.5082412319443870e-01  -1.9485848231207986e-01  -5.1700279561199346e-02   3.5118258124134348e-02  -6.3867095100605897e-01   2.4858280721391973e-01   2.3726007233146509e-01
  -2.3898049203562652e-01   1.2639298780405702e-03  -2.8158479546030318e-01   1.9816288719848871e-01  -2.5536607471693068e-01   1.1711937421611909e-01   2.7070872337424029e-01  -2.5168774465477833e-01  -6.3107791688916759e-01   4.5881385023973748e-01
   2.5712760867087769e-01   3.2137565599002632e-01  -3.6099858614491531e-01  -2.5565609376525461e-01   3.6208356338844100e-01   3.3021083771845011e-01   5.1329461841736512e-01  -1.4206511686028664e-01  -6.2396682292111351e-02  -3.2746320435986320e-01
   3.0585210804166124e-02   5.4508782193003436e-01   2.9932756069376598e-01  -1.2254671698918349e-01   4.8305125946946004e-01  -1.4802949286324169e-01  -1.8551670644247403e-01  -2.0668545971940155e-01  -2.8990114453825488e-02   5.1390866934779367e-01
   2.4604869952645300e-01   4.1630614239248354e-02   7.3161629709886866e-01   3.1397591528398178e-01  -1.4429467485300768e-01   3.3723931457879602e-01   4.0416446346148416e-01   5.0145451755870381e-02  -5.7098570648160096e-02  -1.4443432585290935e-02
   7.1321096726251657e-02   3.6039210937522054e-01  -7.6111054078911833e-02   5.7290406283795969e-01  -1.2498815959783156e-01  -1.8943094610672576e-01  -2.2892409397868396e-01  -4.9623877582576370e-01  -6.4468144977231990e-03  -4.2521996972846360e-01
  -2.3484738575135822e-01   2.0826878622606332e-01  -2.2987429717654331e-01   2.8048363242702168e-01  -1.4207557012068758e-01   6.8939463918606184e-03   3.6878291479588654e-01   5.2830704044880404e-02   7.1136020224958219e-01   3.2388162116125435e-01
  -5.1065033949243732e-01  -1.3553671224726743e-01   3.9272155266290805e-02  -3.3376721234955958e-01  -2.3945326514131133e-02   2.8625796385160446e-01   1.1598005177235504e-01   7.8120475019588173e-02  -7.1002811333126026e-01  -4.1377202818904599e-02
  -5.0915644932614101e-01   6.5917267746937891e-01  -1.4398565578860503e-01   9.2389767319154242e-02   2.9694985743372609e-01  -2.9991879821464695e-01  -2.6894658057172888e-01  -5.4764502064404454e-02  -8.6426940274329908e-04   1.5336456242453397e-01
  -2.9856378484262769e-01  -4.2710853548407662e-01  -2.5753335861172975e-02  -1.3051367208683837e-01   4.5843438027735817e-01   1.8114076321551897e-01  -7.4008864375239083e-02  -5.9101414039401701e-01   3.3508472311134074e-01   2.6646903282388279e-02
   1.1050653738473204e-01  -4.6042154443008604e-02  -3.7526198803433852e-01  -8.4105208618132754e-02  -3.7570873051768389e-01  -4.5934368837456041e-01  -6.9727204789584149e-02  -5.8413996476000829e-01  -2.8608981858137572e-01  -2.4018896598101616e-01
  -1.6044570808614514e-01  -2.2170304148910669e-01   4.4446056082992341e-01   1.6006358142044672e-01  -3.9091469722877786e-01  -2.1131156803970891e-02  -7.1466323548680044e-01  -3.6478566919231389e-02  -2.0120015911156034e-02   1.9026173704209587e-01
   1.6796254338752545e-01  -3.6414211596627388e-01  -4.9938342954607168e-02   4.9830647103798059e-01   5.1957991133773818e-01  -3.1038568412770035e-01  -1.0858822296617468e-01   1.4697775041241609e-01  -4.3381361015515690e-01   2.2254424431375212e-02
  -2.7805421869038743e-01   9.6656373606000309e-02   1.4327731415525691e-01   7.3384728036987590e-01  -2.3733853917514852e-01   2.3625081470741749e-01   3.8308849751268559e-01  -2.7014721958235283e-01  -1.0708935699590114e-02  -1.4929216036308102e-01
   1.3605836757570106e-01   1.1443834601190467e-01  -4.8914921729307248e-01   1.5761644591780985e-01   4.3313381993684966e-02   5.7126952413426657e-01  -4.7791671814834025e-01   6.3297293947237751e-02  -4.1135105784108332e-02  -3.7676800908992869e-01
   4.7148332938254045e-01   3.5157370375136882e-01   2.5768458322846799e-01  -3.7853301867210677e-02   1.6319775462197686e-01   3.0530968321578955e-01  -2.3105465330393926e-02  -4.4245704101512862e-01  -3.3231086027772455e-01   3.9960614452172566e-01
   8.1037728451224186e-02   1.8650796725601010e-01   5.5678121069456321e-01  -1.3122018735349844e-01   2.2871718163344804e-01  -1.1015159754646199e-01  -7.5147708095590099e-02  -6.8508264808648578e-02  -2.9896920791235015e-02  -7.4548259583816812e-01
   1.7137148867798693e-01   4.5443972551017085e-02  -2.1938060368072076e-01   9.9962971871158005e-02   3.8473526786187390e-01  -4.1696495173134451e-01  -4.8697972132677486e-01   1.3762537668752259e-01   5.4887717182660334e-01  -1.7666089792909900e-01
   1.3084714005155620e-01   1.9181552058501980e-01  -1.0984291622792812e-01  -1.9898686835849555e-01   5.8833945549092359e-01   4.1489353451142735e-01  -2.2222967097874580e-01  -3.2126469756699255e-01  -3.7210947720937215e-01  -2.9168842369306297e-01
  -4.5048835505258655e-01   4.2996007942190806e-01   1.5772756720471484e-01  -4.1521803658615591e-01   2.2112133480461410e-03   5.8986712307922268e-02  -3.9559190832609137e-01   1.1198156486806374e-01   6.4993716176670296e-02   4.8802585491297534e-01
  -3.4000720174761817e-01  -4.5980329492909078e-01   5.1631464836974783e-01   3.7765834874687138e-01   5.8296120205910587e-02   9.6647091456223938e-02  -4.6459713916694784e-01   4.8038538957714894e-03  -1.3939929362728071e-01  -1.2539756184454923e-01
  -9.2372297270526038e-02   3.3389511979499142e-01  -2.1980570044121889e-01   8.3398390024100932e-02  -6.3322302954081333e-01  -6.0478528824920441e-02  -3.7277450080728508e-01  -2.3458730415643986e-01  -1.2362629656128329e-01  -4.5913725589887511e-01
   5.4161351100620106e-02   3.0982547420398265e-01   5.2249427765573575e-01  -7.9956309378653254e-03   1.4626220969507764e-01  -6.3087412553041300e-01   1.8274869707715480e-01  -3.7235971342245955e-01  -1.7963983795123473e-01  -6.5547030389630334e-02
   4.8739964792644513e-01  -3.3667742427330910e-01   2.0732395693608671e-01  -6.1692170579444583e-01  -2.1864900457721678e-01  -1.3449251997161207e-01  -2.7088083807266905e-01   2.0959463849786100e-01  -1.9341391165251068e-01  -7.0024093798169720e-02
   3.7538079657072509e-01  -1.2231309070897656e-01   3.0006351103437478e-02   1.2861203197351168e-01  -1.5638852107344955e-01   1.6637798735128870e-01  -2.1225748997310603e-01  -6.6033422532526287e-01   2.4951707448691476e-01   4.8082743649622761e-01
  -1.8711165080135747e-01  -5.7763310585450235e-02   3.1489028551947873e-01  -3.6771089588011818e-01  -5.1534234702144952e-02   2.7094762688147722e-01   2.2203902611683551e-01  -2.1813237741633626e-01   6.1425926917197093e-01  -4.2073688737994230e-01
   4.5827956661388014e-01   4.7511088788284023e-01   4.2894471745852192e-01   3.0986418608890348e-01  -7.1746487594487665e-02   3.4690227399625512e-01  -3.2130209444055542e-02   3.7953841275231281e-01   1.0989061373400806e-01  -3.9920524759123353e-02
  -5.4624156722379268e-02   5.5821229033159048e-01  -4.5075777848549575e-01  -4.7799421637682443e-01   4.0241111934885693e-01   2.0968601700011910e-01  -1.4897228101127447e-01  -6.9451153395550011e-02   2.5541391183745241e-02   1.4206580900415716e-01
  -8.8202039779824382e-02  -3.0607321984153790e-02  -2.1437607041240064e-01   2.6354523187372020e-01  -8.2062164355008148e-03   4.4781994236474904e-01  -4.0529465385814289e-01   1.0606474123548440e-01  -1.0589822143965462e-01  -6.9895095776429184e-01
   2.5939963767934715e-01   1.8971961603082754e-01   9.8124598070061020e-02   6.8281816750124702e-01   3.9984909357937715e-01   2.3133781763479502e-01  -7.5501873062796071e-02  -1.2377695154453794e-01  -1.9628054946738668e-01   3.8458471690334262e-01
   1.3846960842443196e-01  -4.2637937384632391e-01  -3.9830932367577725e-02  -2.6010398048336159e-01  -3.1017276409089750e-01   4.9465149902573957e-01  -3.2010660577774663e-01  -3.5977114982883918e-01  -1.0316724963261815e-01   3.8255975152121191e-01
   3.1792451527896809e-01   9.5745959304708250e-02  -6.8115483360182716e-01   1.9111282019087622e-01  -4.6324678226832666e-01  -2.1349065527564745e-01   1.2043195280041544e-01   1.3584292388949851e-01  -2.9329143447176220e-01   1.0053772699016485e-01
  -6.7424196775432410e-01   3.1362577830720512e-01   1.5252524102570822e-01   1.0254459253860669e-01  -3.0384198584158278e-01  -1.4309580588868434e-01  -2.4559271183657960e-01  -1.3843132414329634e-01  -4.4080822161973382e-01   1.6330963109739616e-01
   4.1411211358180922e-03   5.7660106973163427e-02   1.1331128702569430e-01  -1.4726083800218295e-01   1.5482781699315166e-02   3.6896520620350398e-01   7.0097284076092581e-01  -1.8827681610615102e-01  -5.0226337146692801e-01  -2.1605171556893049e-01
  -8.1543329145544879e-03  -4.0326097094959734e-01  -1.2693231053631451e-02  -2.1116315564693189e-01   3.9691514451649845e-01  -1.5993924448360028e-01  -1.7764734616392094e-01   4.9429247835617413e-01  -5.6881618346750507e-01   1.0002710402941271e-01
   2.7172585508902469e-01   3.9087571120375025e-01   4.0131209452987049e-01  -1.3513919941597050e-01  -3.4235897503434209e-01   3.0674953408094863e-01  -8.1209313850468173e-02   6.0280263634093434e-01   4.1280479750267756e-03   1.1304548363903288e-01
   5.2266412383639127e-01   2.0835784083365880e-01   2.7992421485580543e-01  -1.9129289036187275e-01  -1.7198580740259996e-03  -3.6800265027850337e-01  -3.1786575789727856e-01  -3.9800757590628671e-01  -2.8774038486513542e-01  -3.0130811426725551e-01
   2.0999747362728530e-01  -5.1176047621704301e-01  -4.9449099041824079e-01  -2.3825633517045777e-01  -3.8646010306157697e-01   1.4378913180605601e-01   2.6583711566521967e-01   2.6482197371461969e-01  -2.6368652547469429e-01  -1.1116427470397916e-01
   5.4183927011742683e-01   3.0189244172986518e-01  -2.7868418164698194e-01   4.8714037730381063e-02  -1.7648059250342164e-02   2.2192367422579914e-01  -2.3832753674931121e-03  -6.1811165821458791e-01  -1.6574122575050698e-02  -3.2144867968956747e-01
   3.4160123160191436e-01  -5.4083596103948817e-01   2.2505882724190387e-01   5.9497543502985129e-01   1.4733913816327514e-02  -2.2526493124076455e-01   1.3670406903505508e-01  -6.6251988305324319e-02   3.2420200906935093e-01  -8.3738696031688362e-02
   1.7381756944548907e-01   5.0399615640680806e-01  -3.6766471654227506e-01   2.1193602083895474e-01  -2.8195280522788000e-02  -2.5387606889591424e-01   4.5064851989466137e-01   3.6648300271940021e-01   2.9059746572662942e-01   2.2043662832216937e-01
  -5.4850205769491378e-01  -6.8086252546861788e-03  -9.0664046110618873e-02   2.7482750816614476e-01  -5.0013196552424921e-01   9.6428479593586858e-02   3.0703175323466464e-01  -4.7355000774510286e-01   3.7646548101377589e-02   1.8969238860603330e-01
  -1.8481240265955176e-01  -7.5038909728836520e-02  -3.8169815793933032e-01   3.9283236850665260e-02  -8.6890538080194590e-02   2.8659620448233014e-01  -4.9190716555321018e-01   1.3890856411829341e-01   6.6509598530024150e-01  -1.4024483226172518e-01
  -8.3801636110176242e-02  -1.0171254259629796e-01   2.2515669795975335e-01  -4.9795511658582581e-01   2.2363952947746704e-01   1.7859623080317458e-01   5.6632353101077060e-01  -1.1228978907544630e-01   4.7432771981878591e-01  -2.0915934259817051e-01
   1.6771251829523170e-02   2.8471519992963368e-01   4.2801104494741687e-01   1.9830034969055224e-01  -4.4031114100551283e-01   3.0614859141325890e-01   6.4939918723749629e-02   3.6817651026539028e-01  -5.6277782036320827e-02  -5.1536425112036488e-01
  -1.9852999438265273e-01  -5.7857547801038557e-02  -1.8742290198260406e-01   4.1764054151707941e-01   5.6524841196434161e-01   5.5554211448564317e-01   2.1211207238675792e-01   1.2648302954177770e-01  -2.3811407098610821e-01  -4.3206161312661147e-02
  -3.6562144125351032e-01   3.6916935219597335e-03  -2.6278351800141680e-01   5.6293297814012058e-02   1.6807384351090784e-01  -5.3776460467255272e-01   3.7156881863549956e-02  -3.7444462284805489e-02  -1.0962968295660422e-01  -6.7958976188633480e-01
   4.2400349330421155e-01  -2.2988836474272828e-02   2.4004649388006480e-01   1.0903666312596751e-01  -1.6260059045180744e-01  -3.5130400808114465e-01   4.7266496993993451e-01   1.2258499917256357e-01  -5.6167142989808772e-01  -2.1543845717569005e-01
   2.4153092185960315e-01  -1.8748204645341263e-01   6.1247909192832448e-02   1.3677023230360921e-01   5.5131413486365466e-01   6.1990820488891998e-03   1.8436344721833839e-01  -6.9721268352846599e-01   1.5496856268171363e-01  -1.8962997425743514e-01
  -2.1075164827729401e-01  -7.8711033938324737e-02   4.3224174541838400e-01  -1.8651734444465970e-01   6.4009803060776382e-01  -3.7489952419474987e-01  -1.4345661274057248e-01   3.5725082152915105e-01  -6.2088865119431687e-02   1.5946332242960859e-01
  -1.6251224997019342e-01  -6.1771267449148393e-01  -1.4894424296916478e-01  -3.2383880940571728e-02  -3.2552909883195391e-01  -6.2274272215510007e-01  -9.9891389227939442e-02  -1.8044219834731609e-01   1.6682385046707884e-01   6.8133334494414305e-02
   2.3925998199556592e-01   1.9654470291512519e-01   7.4491533121739464e-03  -2.1937391143511903e-01  -3.7702381589601860e-02  -1.9585814569135773e-01  -6.0624202929210058e-01  -2.0179722161105657e-02   8.7828899622442742e-03  -6.6943916574556073e-01
  -2.5474674873902187e-01  -1.8865235880856931e-01   1.0086722200926554e-01  -4.1757018992337286e-01  -6.2774529184499231e-02   2.6241329756072840e-01  -2.0243531339084447e-01  -3.8732861229963567e-01  -6.6350076643219036e-01   1.0458089793840959e-01
  -2.2833461427091372e-02  -6.4211280174738106e-01   5.0576469717659583e-02  -9.2100139477666140e-02   5.6081906164925546e-02   4.4891013623946641e-01   1.4712001391886245e-01   3.7971088545683884e-01   9.2711052246036166e-02  -4.4389625255725962e-01
   1.2710949961177651e-01  -2.2127286573173477e-01  -2.7450630757624084e-01   6.7327151069724611e-01   1.9357237960558485e-01   6.3053933086473765e-02  -4.4398818051091882e-01   1.3311537896441411e-01  -3.6794285567343438e-01   1.2066497324584440e-01
   5.8348732940651493e-01  -1.1378766444987815e-01  -4.8505091071498230e-01  -4.9650140643498458e-01   1.8997009133570264e-01  -5.8993985852215623e-03  -7.1897655244094194e-03   1.5077171630155450e-01  -7.7914722225007407e-03   3.2532894515210081e-01
   4.6019611297969959e-01  -1.6768996385634383e-01   6.3733295526340350e-01   5.2792880156800573e-02  -2.6805390627776865e-01   1.8824678026211450e-01  -2.9104794501169889e-01  -6.0141577107674100e-02   2.1089411480372133e-01   3.3320750195484228e-01
  -4.2613951752188822e-01  -1.9314280696820338e-01   2.2888127824639654e-01   1.4352013462961080e-01  -7.9352228775477582e-02   2.1618807620337982e-01  -3.2982279645781937e-01   2.5074881527837134e-01   6.3126076235163231e-01   2.9143445769361004e-01
  -1.3239346860857679e-01  -6.9284705913961020e-01   2.5148255668780017e-01  -4.1677128610671021e-01   3.4031203186140024e-01  -2.3874215553587774e-01   2.8302092488029745e-01  -4.3556526354758929e-02  -4.9871525446050634e-02   9.0542040246763295e-02
   6.2099821378223752e-01  -1.2190941318700045e-01   2.8717648687092218e-01  -8.5114902418128649e-02  -1.8589704143241079e-01  -3.8702393188079992e-01  -5.0447373891522285e-01  -1.8003510637526215e-01   1.8765468525450324e-01   5.7606637534918410e-02
   2.9844155178558485e-01  -2.8801010253275239e-01   1.2443986482351055e-01   1.2445070547579273e-01  -6.5627338570051263e-01   2.7211875880773440e-01   4.7504439495531942e-01   1.4813300167826154e-01  -4.2008324624480918e-02   2.0710124234263011e-01
   1.2546628871564217e-01   9.3242992601257513e-02   6.9592395930406303e-01   1.9637185147516611e-02   2.2378372276133632e-01   4.3292532980457699e-01  -1.2240228017859639e-01   2.5356929114709131e-01  -2.8979153297931998e-01  -3.0017635916430535e-01
  -9.7706065304667376e-03  -1.3856126097613217e-01  -1.5955167143102209e-01  -3.2560022761505120e-01  -4.5957364972683455e-02   6.0555390253494978e-01  -3.0458102148268407e-01  -5.5153656264738093e-01  -1.7607505697431614e-01   2.2904334869616425e-01
   4.1372644477669682e-02   1.8807004039923325e-01   1.6663349369672245e-01   2.8933916455525593e-01   2.6248123429207076e-01  -1.2577090088399773e-01   1.9196394158661315e-02   4.6111748321236625e-03  -3.3066867951094780e-01   8.1054785970344934e-01
   4.7015805050051179e-01  -2.6180874927360132e-01  -4.7656414355571430e-01   4.5418825472939725e-02   3.9349989598653889e-01   2.5839578756779341e-01  -1.1752741712517363e-01   4.8566891390946076e-01   7.7413322923056152e-02   6.2777163592513785e-02
  -8.6829885927154626e-03  -4.0971967078372135e-01  -7.7935916907173330e-03   7.6779183274239682e-01   1.5362816842528379e-01   2.9539384188237820e-02  -2.2633506624696612e-02  -4.0120154553764853e-01  -3.7843897821555776e-02  -2.3475104444160541e-01
  -2.9580061344529990e-01  -2.9183768766538060e-01  -1.4733136928488666e-01   3.5856572389065047e-02  -3.3631393573241197e-01  -1.8668049794272831e-01  -4.5662869028980480e-01   3.3988767640469730e-01  -5.7471330555012679e-01  -4.5333060350779719e-02
   4.6071879513483310e-01  -3.9364086520055708e-01  -1.4650619248568131e-01  -1.2177856850359131e-01   6.0191454086932461e-01  -1.3896991152499569e-01   4.3474768863646729e-01  -4.0291300168534480e-02   1.3467033426018030e-02  -1.5513517788598119e-01
   3.3641377164276931e-01  -4.8408297689978355e-02   8.6832853668284013e-02   5.5047183467950911e-01  -1.0780508872425487e-01  -3.6151123627943182e-01  -9.9466475388399547e-03   4.1669784627287426e-01  -3.7271153384345351e-01   3.4490722847667465e-01
   7.6325901946601325e-03   5.1608280901301151e-01   1.0709223631063766e-01  -4.1995131943909941e-01   2.9749508988193374e-01  -2.8468328403852317e-01  -1.7163209608652807e-01   8.9654025718492916e-02  -5.4629351995449604e-01  -2.0072988974696085e-01
   5.8465467025690465e-01   1.6541349538900016e-01   1.3107595469303826e-01  -3.2238640500111165e-01   5.1843763791280043e-02   1.2329136593369333e-01  -3.9994682708729701e-01   1.9482616950872986e-02   3.6813932117845105e-01   4.4266382125234444e-01
   2.1509300239955295e-01   5.7513804074569685e-01  -3.9777591970322018e-02   5.6286157881087118e-01   2.7576463169012877e-01   3.5881545692569178e-01   7.5191435767245240e-02  -2.1417021881537535e-01   8.4724089779131012e-02  -2.0263353728459974e-01
   7.2084945029124201e-02   1.5575074430332195e-01  -8.1327445068414606e-01  -1.1051640417190244e-01  -1.2984434097064729e-01   1.1048437471409568e-01  -2.1894606748688757e-02   4.9876325727641824e-01   7.5790675241658181e-02  -1.1340864877560153e-01
   1.4339606173523853e-01   2.3331267858103574e-01   4.4628098705942715e-01  -1.5628733305586065e-01  -2.9949260152132190e-01  -4.2759504939742943e-03   5.1185714055643539e-01   4.3875931055148354e-01   2.8256014865312562e-01  -2.7811599908667467e-01
  -4.2718351790345976e-01   2.2534547212205003e-01  -3.3420694140103492e-02   1.0793026813699798e-01   4.1304740765770837e-01  -4.7839873174191611e-01   4.5210550566162820e-02   1.6004232909824828e-01   5.0573860667277759e-01   2.6658054669976788e-01
   2.6725728633372597e-01   1.4751341522411122e-03  -1.0827731858844333e-01   1.1467398509616117e-01  -2.9539692224299996e-01  -5.8643124796935775e-01  -2.7540979178704905e-01  -2.9994838793726092e-01   2.5787474499642798e-01  -4.9011972322216729e-01
  -8.2150724909641745e-02  -2.9789392687024596e-01   2.5950165553164339e-01   1.5364506515141849e-01   3.0727323021152692e-01   2.0002771944193282e-01  -5.2483813225891329e-01   4.6216459707566904e-01   1.0912389276917454e-01  -4.2210830491189372e-01
  -3.8678176376879359e-01  -1.7820234162400975e-02  -3.9792972613850924e-01  -6.0494704640620123e-01  -4.7868184784899605e-02   2.5399234892219891e-01  -3.0786040865930828e-02   4.7839749462160314e-01   3.0975751740287355e-02   1.6792377370737224e-01
   2.7274041418236328e-03  -3.9347135736383471e-01   4.9007646835898239e-01  -3.0841789784712981e-01  -3.2485487985204864e-01  -3.0107675899026082e-01   4.1414549622889330e-01   2.4898711821053087e-02   6.3761972751028226e-02   3.7080503342775745e-01
   6.3426740260040651e-02   5.5331865178422930e-02  -1.5853494183042927e-01  -1.6550983657533799e-01   6.0388680971822928e-01   1.6583139411598494e-01   6.2281625634469773e-01  -3.1833840937612534e-01   2.2922503987313284e-01   8.0160578523310766e-02
   2.0080963561443069e-01   2.6429521242991194e-01   3.4906166591072002e-01   3.2729670748570860e-01   1.0959920162259432e-01   3.4381414242837527e-01   2.4761059724539478e-01   6.7028548613007566e-01   3.0671745014450479e-02   1.3820927369218594e-01
  -9.7076439720899896e-02  -3.8693063253227611e-01  -2.5391167002526810e-01   2.1360588695505306e-01   2.0704883934806614e-01  -4.9501320059316545e-01   2.6778680691409673e-01   4.2319344935960651e-01  -7.7505015046815645e-02  -4.3132986426864017e-01
  -2.9157747259404143e-01   3.1291015010089623e-01   1.5529757716126355e-01  -8.5857209788194916e-02  -4.3391075386040889e-01   1.5141846214059618e-01   3.6353279234985469e-01  -9.4322500391484723e-02   1.8621187860187807e-01  -6.3138517212219247e-01
  -2.6724494329367493e-01   2.9866838349015903e-02   1.2212860520911495e-02   8.5946351125321327e-02  -5.4046551980039678e-03   1.5775479481815380e-01   2.6477647749205219e-01  -1.3332112095916931e-01  -8.9500673762881888e-01   7.9487311586924236e-02
  -3.4971671009210809e-01  -4.3041459660238363e-01  -2.3031387526427424e-01   5.4101064883151162e-01  -2.4160879489235296e-01   3.6757419143287723e-01   1.0468689922506154e-01  -1.1760135362212931e-01   2.7410936866047625e-01   2.3085390882155027e-01
   3.8261247485206257e-01  -5.7097955515762056e-01   1.4822260887184510e-01  -2.2632390126922558e-01   4.7024395078096824e-02   5.2031727663110461e-01  -1.0108757002241373e-01  -6.3626812343537311e-03  -1.2555535361334910e-01  -3.9424979666871451e-01
  -6.0949960355000421e-01  -1.1024823687396465e-01   5.3921012907517563e-01  -1.0004472837132719e-02   4.7299429381657682e-01   2.0962031908213469e-02  -2.8839926979667579e-01  -1.6105975525630388e-02   9.4185956961234510e-02  -9.5080819538953990e-02
