  -5.9699110587025916e-01   8.0224785416466249e-01
   8.0224785416466193e-01   5.9699110587025916e-01
   9.9458192260308065e-01   1.0395575612326290e-01
  -1.0395575612326313e-01   9.9458192260308098e-01
   1.5195590143678994e-01  -9.8838727431029394e-01
  -9.8838727431029405e-01  -1.5195590143679003e-01
  -7.0883001238384946e-01   7.0537934017371917e-01
   7.0537934017371917e-01   7.0883001238384946e-01
  -4.6456415373050342e-01   8.8553946669172334e-01
   8.8553946669172301e-01   4.6456415373050275e-01
   7.2646715742427614e-01   6.8720118537724517e-01
   6.8720118537724573e-01  -7.2646715742427703e-01
  -6.5218889871021091e-01  -7.5805648892359256e-01
  -7.5805648892359045e-01   6.5218889871020957e-01
  -8.9348125233148668e-01  -4.4910049179683498e-01
   4.4910049179683392e-01  -8.9348125233148645e-01
  -3.9303654843779523e-01   9.1952284995648947e-01
   9.1952284995648925e-01   3.9303654843779551e-01
  -9.5256039673533521e-01   3.0434961897696006e-01
   3.0434961897696017e-01   9.5256039673533510e-01
