  -5.4050830689081160e+01   4.7085526509425108e+01  -3.0205593272831223e+01   4.5653016809940397e+00  -5.3496203280035047e+01   1.6317110624261844e+01  -3.7924594473576917e+01   2.4652655756285156e+01
  -7.1425284476124233e+01   3.2036964637986600e+01  -2.1178377485500580e+01   4.3299464095197369e+00  -6.2504492775964295e+01   2.0481143936226140e+01  -4.3630933866142662e+01   3.7265044978783251e+01
  -4.1118658893190997e+01   5.1039204327165528e+01  -3.3768246753086693e+01  -4.2665560111305805e+00  -6.8770429525150519e+01   6.4411514784522836e+00  -5.0726368115817493e+01   3.6129205299459251e+01
  -5.8493112680234063e+01   3.5990642455727027e+01  -2.4741030965756050e+01  -4.5019112826048833e+00  -7.7778719021079780e+01   1.0605184790416578e+01  -5.6432707508383231e+01   4.8741594521957346e+01
  -5.6677202752747306e+01   5.2787890421817643e+01  -3.3476102670092004e+01   2.8904835920575120e+01  -6.0010440269140233e+01   1.6669808023471447e+01  -5.1698297039938005e+01   1.9632546645487956e+01
  -7.4051656539790372e+01   3.7739328550379142e+01  -2.4448886882761364e+01   2.8669480649100819e+01  -6.9018729765069480e+01   2.0833841335435743e+01  -5.7404636432503750e+01   3.2244935867986051e+01
  -4.3745030956857150e+01   5.6741568239558063e+01  -3.7038756150347474e+01   2.0072978228450502e+01  -7.5284666514255704e+01   6.7938488776618851e+00  -6.4500070682178574e+01   3.1109096188662054e+01
  -6.1119484743900216e+01   4.1693006368119562e+01  -2.8011540363016834e+01   1.9837622956976197e+01  -8.4292956010184952e+01   1.0957882189626179e+01  -7.0206410074744326e+01   4.3721485411160145e+01
  -5.6898320110800206e+01   4.4623287360744129e+01  -4.0039690862056560e+01  -1.5288773135629778e+00  -3.4561696926155264e+01   2.0290695405743310e+01  -5.7014675964401256e+01   2.8291964914455875e+01
  -7.4272773897843280e+01   2.9574725489305624e+01  -3.1012475074725916e+01  -1.7642325850372806e+00  -4.3569986422084511e+01   2.4454728717707603e+01  -6.2721015356967001e+01   4.0904354136953970e+01
  -4.3966148314910043e+01   4.8576965178484549e+01  -4.3602344342312023e+01  -1.0360735005687598e+01  -4.9835923171270736e+01   1.0414736259933749e+01  -6.9816449606641825e+01   3.9768514457629969e+01
  -6.1340602101953110e+01   3.3528403307046048e+01  -3.4575128554981383e+01  -1.0596090277161901e+01  -5.8844212667199990e+01   1.4578769571898043e+01  -7.5522788999207563e+01   5.2380903680128057e+01
  -5.9524692174466360e+01   5.0325651273136664e+01  -4.3310200259317341e+01   2.2810656926018105e+01  -4.1075933915260450e+01   2.0643392804952910e+01  -7.0788378530762344e+01   2.3271855803658674e+01
  -7.6899145961509419e+01   3.5277089401698156e+01  -3.4282984471986701e+01   2.2575301654543804e+01  -5.0084223411189697e+01   2.4807426116917206e+01  -7.6494717923328096e+01   3.5884245026156762e+01
  -4.6592520378576197e+01   5.4279329090877084e+01  -4.6872853739572811e+01   1.3978799233893485e+01  -5.6350160160375921e+01   1.0767433659143350e+01  -8.3590152173002920e+01   3.4748405346832769e+01
  -6.3966974165619263e+01   3.9230767219438576e+01  -3.7845637952242171e+01   1.3743443962419182e+01  -6.5358449656305169e+01   1.4931466971107646e+01  -8.9296491565568658e+01   4.7360794569330864e+01
  -5.1934032533113978e+01   6.2820515270449903e+01  -7.7454319765752473e+00   4.8765036416659502e+00  -4.6302331852110498e+01   2.0392660870413213e+01  -4.2561202652913323e+01   3.1967952797694799e+01
  -6.9308486320157044e+01   4.7771953399011394e+01   1.2817838107553960e+00   4.6411483701916474e+00  -5.5310621348039746e+01   2.4556694182377509e+01  -4.8267542045479061e+01   4.4580342020192887e+01
  -3.9001860737223815e+01   6.6774193088190316e+01  -1.1308085456830717e+01  -3.9553540504586699e+00  -6.1576558097225970e+01   1.0516701724603653e+01  -5.5362976295153899e+01   4.3444502340868894e+01
  -5.6376314524266881e+01   5.1725631216751815e+01  -2.2808696695000741e+00  -4.1907093219329727e+00  -7.0584847593155217e+01   1.4680735036567947e+01  -6.1069315687719637e+01   5.6056891563366989e+01
  -5.4560404596780124e+01   6.8522879182842431e+01  -1.1015941373836032e+01   2.9216037881247029e+01  -5.2816568841215684e+01   2.0745358269622816e+01  -5.6334905219274404e+01   2.6947843686897599e+01
  -7.1934858383823197e+01   5.3474317311403929e+01  -1.9887255865053888e+00   2.8980682609772728e+01  -6.1824858337144931e+01   2.4909391581587109e+01  -6.2041244611840156e+01   3.9560232909395694e+01
  -4.1628232800889961e+01   7.2476557000582858e+01  -1.4578594854091500e+01   2.0384180189122411e+01  -6.8090795086331156e+01   1.0869399123813256e+01  -6.9136678861514980e+01   3.8424393230071693e+01
  -5.9002686587933027e+01   5.7427995129144350e+01  -5.5513790667608589e+00   2.0148824917648106e+01  -7.7099084582260403e+01   1.5033432435777550e+01  -7.4843018254080732e+01   5.1036782452569788e+01
  -5.4781521954833025e+01   6.0358276121768917e+01  -1.7579529565800584e+01  -1.2176753528910682e+00  -2.7367825498230715e+01   2.4366245651894680e+01  -6.1651284143737655e+01   3.5607261955865511e+01
  -7.2155975741876091e+01   4.5309714250330416e+01  -8.5523137784699408e+00  -1.4530306243653710e+00  -3.6376114994159963e+01   2.8530278963858976e+01  -6.7357623536303407e+01   4.8219651178363605e+01
  -4.1849350158942862e+01   6.4311953939509337e+01  -2.1142183046056051e+01  -1.0049533045015687e+01  -4.2642051743346187e+01   1.4490286506085120e+01  -7.4453057785978231e+01   4.7083811499039612e+01
  -5.9223803945985928e+01   4.9263392068070836e+01  -1.2114967258725407e+01  -1.0284888316489990e+01  -5.1650341239275441e+01   1.8654319818049412e+01  -8.0159397178543969e+01   5.9696200721537707e+01
  -5.7407894018499171e+01   6.6060640034161452e+01  -2.0850038963061365e+01   2.3121858886690013e+01  -3.3882062487335901e+01   2.4718943051104283e+01  -7.5424986710098750e+01   3.0587152845068317e+01
  -7.4782347805542244e+01   5.1012078162722950e+01  -1.1822823175730726e+01   2.2886503615215712e+01  -4.2890351983265148e+01   2.8882976363068579e+01  -8.1131326102664488e+01   4.3199542067566412e+01
  -4.4475722222609008e+01   7.0014317851901865e+01  -2.4412692443316836e+01   1.4290001194565393e+01  -4.9156288732451372e+01   1.4842983905294723e+01  -8.8226760352339312e+01   4.2063702388242412e+01
  -6.1850176009652081e+01   5.4965755980463371e+01  -1.5385476655986194e+01   1.4054645923091091e+01  -5.8164578228380620e+01   1.9007017217259015e+01  -9.3933099744905064e+01   5.4676091610740500e+01
  -5.7536745512891123e+01   4.5336789480478473e+01  -2.1211918896027264e+01  -6.7536578343570941e+00  -5.9755127047044461e+01   1.5472513975711044e+01  -4.8909664992753463e+01   1.9540644165712919e+00
  -7.4911199299934196e+01   3.0288227609039971e+01  -1.2184703108696624e+01  -6.9890131058313969e+00  -6.8763416542973715e+01   1.9636547287675338e+01  -5.4616004385319201e+01   1.4566453639069383e+01
  -4.4604573717000960e+01   4.9290467298218893e+01  -2.4774572376282734e+01  -1.5585515526481714e+01  -7.5029353292159939e+01   5.5965548299014838e+00  -6.1711438634994039e+01   1.3430613959745388e+01
  -6.1979027504044026e+01   3.4241905426780392e+01  -1.5747356588952092e+01  -1.5820870797956015e+01  -8.4037642788089187e+01   9.7605881418657781e+00  -6.7417778027559777e+01   2.6043003182243481e+01
  -6.0163117576557276e+01   5.1039153392871007e+01  -2.4482428293288052e+01   1.7585876405223985e+01  -6.6269364036149653e+01   1.5825211374920647e+01  -6.2683367559114544e+01  -3.0660446942259085e+00
  -7.7537571363600335e+01   3.5990591521432506e+01  -1.5455212505957409e+01   1.7350521133749684e+01  -7.5277653532078887e+01   1.9989244686884941e+01  -6.8389706951680296e+01   9.5463445282721828e+00
  -4.7230945780667113e+01   5.4992831210611428e+01  -2.8045081773543519e+01   8.7540187130993665e+00  -8.1543590281265125e+01   5.9492522291110852e+00  -7.5485141201355120e+01   8.4105048489481895e+00
  -6.4605399567710180e+01   3.9944269339172926e+01  -1.9017865986212875e+01   8.5186634416250655e+00  -9.0551879777194372e+01   1.0113285541075379e+01  -8.1191480593920858e+01   2.1022894071446281e+01
  -6.0384234934610170e+01   4.2874550331797494e+01  -3.1046016485252601e+01  -1.2847836828914112e+01  -4.0820620693164685e+01   1.9446098757192509e+01  -6.7999746483577795e+01   5.5933735747420101e+00
  -7.7758688721653243e+01   2.7825988460358989e+01  -2.2018800697921961e+01  -1.3083192100388413e+01  -4.9828910189093932e+01   2.3610132069156805e+01  -7.3706085876143533e+01   1.8205762797240101e+01
  -4.7452063138720007e+01   4.6828228149537914e+01  -3.4608669965508071e+01  -2.1679694521038730e+01  -5.6094846938280156e+01   9.5701396113829489e+00  -8.0801520125818371e+01   1.7069923117916105e+01
  -6.4826516925763073e+01   3.1779666278099413e+01  -2.5581454178177427e+01  -2.1915049792513031e+01  -6.5103136434209404e+01   1.3734172923347243e+01  -8.6507859518384123e+01   2.9682312340414200e+01
  -6.3010606998276323e+01   4.8576914244190029e+01  -3.4316525882513389e+01   1.1491697410666969e+01  -4.7334857682269863e+01   1.9798796156402112e+01  -8.1773449049938876e+01   5.7326446394480968e-01
  -8.0385060785319382e+01   3.3528352372751527e+01  -2.5289310095182742e+01   1.1256342139192666e+01  -5.6343147178199118e+01   2.3962829468366408e+01  -8.7479788442504628e+01   1.3185653686442901e+01
  -5.0078435202386160e+01   5.2530592061930449e+01  -3.7879179362768852e+01   2.6598397185423499e+00  -6.2609083927385342e+01   9.9228370105925521e+00  -9.4575222692179466e+01   1.2049814007118906e+01
  -6.7452888989429226e+01   3.7482030190491940e+01  -2.8851963575438212e+01   2.4244844470680471e+00  -7.1617373423314589e+01   1.4086870322556846e+01  -1.0028156208474520e+02   2.4662203229616999e+01
  -5.5419947356923942e+01   6.1071778241503267e+01   1.2482424002287118e+00  -6.4424558736851836e+00  -5.2561255619119912e+01   1.9548064221862415e+01  -5.3546273172089869e+01   9.2693614579809331e+00
  -7.2794401143967008e+01   4.6023216370064759e+01   1.0275458187559352e+01  -6.6778111451594864e+00  -6.1569545115049166e+01   2.3712097533826707e+01  -5.9252612564655607e+01   2.1881750680479023e+01
  -4.2487775561033779e+01   6.5025456059243680e+01  -2.3144110800267583e+00  -1.5274313565809802e+01  -6.7835481864235391e+01   9.6721050760528549e+00  -6.6348046814330445e+01   2.0745911001155029e+01
  -5.9862229348076845e+01   4.9976894187805186e+01   6.7128047073038815e+00  -1.5509668837284103e+01  -7.6843771360164638e+01   1.3836138388017149e+01  -7.2054386206896183e+01   3.3358300223653117e+01
  -5.8046319420590088e+01   6.6774142153895795e+01  -2.0222669970320730e+00   1.7897078365895897e+01  -5.9075492608225098e+01   1.9900761621072018e+01  -6.7319975738450950e+01   4.2492523471837345e+00
  -7.5420773207633161e+01   5.1725580282457294e+01   7.0049487902985703e+00   1.7661723094421596e+01  -6.8083782104154352e+01   2.4064794933036310e+01  -7.3026315131016702e+01   1.6861641569681826e+01
  -4.5114147624699925e+01   7.0727819971636222e+01  -5.5849204772875432e+00   9.0652206737712788e+00  -7.4349718853340576e+01   1.0024802475262456e+01  -8.0121749380691526e+01   1.5725801890357831e+01
  -6.2488601411742991e+01   5.5679258100197714e+01   3.4422953100431002e+00   8.8298654022969743e+00  -8.3358008349269824e+01   1.4188835787226751e+01  -8.5828088773257264e+01   2.8338191112855924e+01
  -5.8267436778642988e+01   5.8609539092822288e+01  -8.5858551889966250e+00  -1.2536634868242203e+01  -3.3626749265240136e+01   2.3521649003343882e+01  -7.2636354662914201e+01   1.2908670616151650e+01
  -7.5641890565686055e+01   4.3560977221383780e+01   4.4136059833401831e-01  -1.2771990139716504e+01  -4.2635038761169383e+01   2.7685682315308178e+01  -7.8342694055479939e+01   2.5521059838649741e+01
  -4.5335264982752825e+01   6.2563216910562701e+01  -1.2148508669252095e+01  -2.1368492560366821e+01  -4.8900975510355607e+01   1.3645689857534320e+01  -8.5438128305154777e+01   2.4385220159325748e+01
  -6.2709718769795892e+01   4.7514655039124200e+01  -3.1212928819214518e+00  -2.1603847831841122e+01  -5.7909265006284855e+01   1.7809723169498614e+01  -9.1144467697720529e+01   3.6997609381823835e+01
  -6.0893808842309134e+01   6.4311903005214816e+01  -1.1856364586257410e+01   1.1802899371338878e+01  -4.0140986254345314e+01   2.3874346402553485e+01  -8.6410057229275282e+01   7.8885615053544491e+00
  -7.8268262629352208e+01   4.9263341133776315e+01  -2.8291487989267665e+00   1.1567544099864575e+01  -4.9149275750274569e+01   2.8038379714517777e+01  -9.2116396621841034e+01   2.0500950727852540e+01
  -4.7961637046418971e+01   6.8265580822955243e+01  -1.5419018066512878e+01   2.9710416792142587e+00  -5.5415212499460793e+01   1.3998387256743921e+01  -9.9211830871515872e+01   1.9365111048528547e+01
  -6.5336090833462038e+01   5.3217018951516735e+01  -6.3918022791822366e+00   2.7356864077399559e+00  -6.4423501995390041e+01   1.8162420568708217e+01  -1.0491817026408161e+02   3.1977500271026635e+01
  -5.0048616751369231e+01   5.1963787343437360e+01  -3.6072216307150327e+01   3.5584593450499558e-01  -6.2356568897772732e+01   4.3326283874171125e+01  -3.7910009460111766e+01   2.4867923211913020e+01
  -6.7423070538412304e+01   3.6915225471998852e+01  -2.7045000519819684e+01   1.2049066303069278e-01  -7.1364858393701979e+01   4.7490317186135414e+01  -4.3616348852677511e+01   3.7480312434411111e+01
  -3.7116444955479068e+01   5.5917465161177780e+01  -3.9634869787405790e+01  -8.4760117576196237e+00  -7.7630795142888203e+01   3.3450324728361565e+01  -5.0711783102352342e+01   3.6344472755087118e+01
  -5.4490898742522141e+01   4.0868903289739279e+01  -3.0607654000075151e+01  -8.7113670290939265e+00  -8.6639084638817451e+01   3.7614358040325854e+01  -5.6418122494918080e+01   4.8956861977585206e+01
  -5.2674988815035384e+01   5.7666151255829895e+01  -3.9342725704411109e+01   2.4695380174086075e+01  -6.8870805886877918e+01   4.3678981273380728e+01  -5.1683712026472854e+01   1.9847814101115823e+01
  -7.0049442602078443e+01   4.2617589384391394e+01  -3.0315509917080469e+01   2.4460024902611774e+01  -7.7879095382807165e+01   4.7843014585345017e+01  -5.7390051419038599e+01   3.2460203323613911e+01
  -3.9742817019145221e+01   6.1619829073570315e+01  -4.2905379184666579e+01   1.5863522481961455e+01  -8.4145032131993389e+01   3.3803022127571168e+01  -6.4485485668713423e+01   3.1324363644289917e+01
  -5.7117270806188287e+01   4.6571267202131814e+01  -3.3878163397335939e+01   1.5628167210487153e+01  -9.3153321627922637e+01   3.7967055439535457e+01  -7.0191825061279161e+01   4.3936752866788012e+01
  -5.2896106173088278e+01   4.9501548194756381e+01  -4.5906313896375664e+01  -5.7383330600520228e+00  -4.3422062543892949e+01   4.7299868655652588e+01  -5.7000090950936098e+01   2.8507232370083738e+01
  -7.0270559960131351e+01   3.4452986323317873e+01  -3.6879098109045017e+01  -5.9736883315263256e+00  -5.2430352039822196e+01   5.1463901967616884e+01  -6.2706430343501850e+01   4.1119621592581829e+01
  -3.9963934377198115e+01   5.3455226012496802e+01  -4.9468967376631127e+01  -1.4570190752176643e+01  -5.8696288789008420e+01   3.7423909509843028e+01  -6.9801864593176674e+01   3.9983781913257836e+01
  -5.7338388164241188e+01   3.8406664141058300e+01  -4.0441751589300488e+01  -1.4805546023650944e+01  -6.7704578284937668e+01   4.1587942821807324e+01  -7.5508203985742426e+01   5.2596171135755924e+01
  -5.5522478236754431e+01   5.5203912107148916e+01  -4.9176823293636446e+01   1.8601201179529056e+01  -4.9936299532998135e+01   4.7652566054862191e+01  -7.0773793517297179e+01   2.3487123259286538e+01
  -7.2896932023797490e+01   4.0155350235710408e+01  -4.0149607506305799e+01   1.8365845908054755e+01  -5.8944589028927382e+01   5.1816599366826487e+01  -7.6480132909862931e+01   3.6099512481784629e+01
  -4.2590306440864268e+01   5.9157589924889336e+01  -5.2739476773891916e+01   9.7693434874044378e+00  -6.5210525778113606e+01   3.7776606909052632e+01  -8.3575567159537769e+01   3.4963672802460636e+01
  -5.9964760227907334e+01   4.4109028053450828e+01  -4.3712260986561276e+01   9.5339882159301368e+00  -7.4218815274042854e+01   4.1940640221016928e+01  -8.9281906552103507e+01   4.7576062024958730e+01
  -4.7931818595402049e+01   6.7698776104462155e+01  -1.3612055010894348e+01   6.6704789517690566e-01  -5.5162697469848183e+01   4.7401834120322491e+01  -4.2546617639448172e+01   3.2183220253322659e+01
  -6.5306272382445115e+01   5.2650214233023647e+01  -4.5848392235637050e+00   4.3169262370260331e-01  -6.4170986965777431e+01   5.1565867432286787e+01  -4.8252957032013910e+01   4.4795609475820754e+01
  -3.4999646799511886e+01   7.1652453922202568e+01  -1.7174708491149815e+01  -8.1648097969477131e+00  -7.0436923714963655e+01   3.7525874974512931e+01  -5.5348391281688748e+01   4.3659769796496761e+01
  -5.2374100586554952e+01   5.6603892050764067e+01  -8.1474927038191751e+00  -8.4001650684220159e+00  -7.9445213210892902e+01   4.1689908286477227e+01  -6.1054730674254486e+01   5.6272159018994849e+01
  -5.0558190659068195e+01   7.3401140016854683e+01  -1.6882564408155133e+01   2.5006582134757988e+01  -6.1676934458953369e+01   4.7754531519532094e+01  -5.6320320205809253e+01   2.7163111142525462e+01
  -6.7932644446111269e+01   5.8352578145416182e+01  -7.8553486208244898e+00   2.4771226863283687e+01  -7.0685223954882616e+01   5.1918564831496390e+01  -6.2026659598375005e+01   3.9775500365023554e+01
  -3.7626018863178032e+01   7.7354817834595110e+01  -2.0445217888410603e+01   1.6174724442633369e+01  -7.6951160704068840e+01   3.7878572373722534e+01  -6.9122093848049829e+01   3.8639660685699560e+01
  -5.5000472650221106e+01   6.2306255963156602e+01  -1.1418002101079960e+01   1.5939369171159065e+01  -8.5959450199998088e+01   4.2042605685686830e+01  -7.4828433240615567e+01   5.1252049908197648e+01
  -5.0779308017121096e+01   6.5236536955781176e+01  -2.3446152600119682e+01  -5.4271310993801123e+00  -3.6228191115968400e+01   5.1375418901803954e+01  -6.1636699130272504e+01   3.5822529411493377e+01
  -6.8153761804164162e+01   5.0187975084342668e+01  -1.4418936812789042e+01  -5.6624863708544151e+00  -4.5236480611897647e+01   5.5539452213768250e+01  -6.7343038522838256e+01   4.8434918633991472e+01
  -3.7847136221230933e+01   6.9190214773521589e+01  -2.7008806080375152e+01  -1.4258988791504731e+01  -5.1502417361083879e+01   4.1499459755994394e+01  -7.4438472772513080e+01   4.7299078954667479e+01
  -5.5221590008273999e+01   5.4141652902083088e+01  -1.7981590293044512e+01  -1.4494344062979032e+01  -6.0510706857013126e+01   4.5663493067958690e+01  -8.0144812165078832e+01   5.9911468177165567e+01
  -5.3405680080787242e+01   7.0938900868173704e+01  -2.6716661997380466e+01   1.8912403140200968e+01  -4.2742428105073586e+01   5.1728116301013557e+01  -7.5410401696633585e+01   3.0802420300696181e+01
  -7.0780133867830315e+01   5.5890338996735203e+01  -1.7689446210049823e+01   1.8677047868726667e+01  -5.1750717601002833e+01   5.5892149612977853e+01  -8.1116741089199337e+01   4.3414809523194272e+01
  -4.0473508284897079e+01   7.4892578685914131e+01  -3.0279315477635937e+01   1.0080545448076350e+01  -5.8016654350189057e+01   4.1852157155203997e+01  -8.8212175338874175e+01   4.2278969843870279e+01
  -5.7847962071940152e+01   5.9844016814475623e+01  -2.1252099690305293e+01   9.8451901766020455e+00  -6.7024943846118305e+01   4.6016190467168293e+01  -9.3918514731439913e+01   5.4891359066368366e+01
  -5.3534531575179194e+01   5.0215050314490725e+01  -2.7078541930346368e+01  -1.0963113580846139e+01  -6.8615492664782153e+01   4.2481687225620320e+01  -4.8895079979288312e+01   2.1693318721991552e+00
  -7.0908985362222268e+01   3.5166488443052224e+01  -1.8051326143015729e+01  -1.1198468852320442e+01  -7.7623782160711386e+01   4.6645720537584623e+01  -5.4601419371854050e+01   1.4781721094697247e+01
  -4.0602359779289031e+01   5.4168728132231145e+01  -3.0641195410601838e+01  -1.9794971272970759e+01  -8.3889718909897624e+01   3.2605728079810760e+01  -6.1696853621528888e+01   1.3645881415373251e+01
  -5.7976813566332105e+01   3.9120166260792644e+01  -2.1613979623271195e+01  -2.0030326544445060e+01  -9.2898008405826872e+01   3.6769761391775063e+01  -6.7403193014094626e+01   2.6258270637871345e+01
  -5.6160903638845348e+01   5.5917414226883260e+01  -3.0349051327607153e+01   1.3376420658734942e+01  -7.5129729653887324e+01   4.2834384624829923e+01  -6.2668782545649393e+01  -2.8507772385980452e+00
  -7.3535357425888407e+01   4.0868852355444758e+01  -2.1321835540276510e+01   1.3141065387260639e+01  -8.4138019149816586e+01   4.6998417936794226e+01  -6.8375121938215145e+01   9.7616119839000461e+00
  -4.3228731842955185e+01   5.9871092044623680e+01  -3.3911704807862620e+01   4.5445629666103224e+00  -9.0403955899002796e+01   3.2958425479020363e+01  -7.5470556187889969e+01   8.6257723045760528e+00
  -6.0603185629998251e+01   4.4822530173185179e+01  -2.4884489020531980e+01   4.3092076951360196e+00  -9.9412245394932057e+01   3.7122458790984666e+01  -8.1176895580455721e+01   2.1238161527074144e+01
  -5.6382020996898241e+01   4.7752811165809746e+01  -3.6912639519571705e+01  -1.7057292575403157e+01  -4.9680986310902362e+01   4.6455272007101790e+01  -6.7985161470112644e+01   5.8086410303698734e+00
  -7.3756474783941314e+01   3.2704249294371238e+01  -2.7885423732241062e+01  -1.7292647846877458e+01  -5.8689275806831610e+01   5.0619305319066086e+01  -7.3691500862678396e+01   1.8421030252867965e+01
  -4.3449849201008078e+01   5.1706488983550166e+01  -4.0475292999827175e+01  -2.5889150267527775e+01  -6.4955212556017841e+01   3.6579312861292230e+01  -8.0786935112353220e+01   1.7285190573543971e+01
  -6.0824302988051151e+01   3.6657927112111665e+01  -3.1448077212496532e+01  -2.6124505539002076e+01  -7.3963502051947088e+01   4.0743346173256526e+01  -8.6493274504918958e+01   2.9897579796042059e+01
  -5.9008393060564394e+01   5.3455175078202281e+01  -4.0183148916832486e+01   7.2822416641779242e+00  -5.6195223300007548e+01   4.6807969406311393e+01  -8.1758864036473739e+01   7.8853191957267299e-01
  -7.6382846847607453e+01   3.8406613206763780e+01  -3.1155933129501847e+01   7.0468863927036214e+00  -6.5203512795936803e+01   5.0972002718275689e+01  -8.7465203429039477e+01   1.3400921142070764e+01
  -4.6076221264674231e+01   5.7408852895942701e+01  -4.3745802397087957e+01  -1.5496160279466951e+00  -7.1469449545123027e+01   3.6932010260501833e+01  -9.4560637678714301e+01   1.2265081462746769e+01
  -6.3450675051717297e+01   4.2360291024504200e+01  -3.4718586609757317e+01  -1.7849712994209979e+00  -8.0477739041052274e+01   4.1096043572466129e+01  -1.0026697707128005e+02   2.4877470685244862e+01
  -5.1417733419212013e+01   6.5950039075515519e+01  -4.6183806340903928e+00  -1.0651911620174229e+01  -6.1421621236857597e+01   4.6557237471771693e+01  -5.3531688158624718e+01   9.4846289136087965e+00
  -6.8792187206255079e+01   5.0901477204077018e+01   4.4088351532402470e+00  -1.0887266891648531e+01  -7.0429910732786851e+01   5.0721270783735989e+01  -5.9238027551190456e+01   2.2097018136106890e+01
  -3.8485561623321850e+01   6.9903716893255933e+01  -8.1810341143458629e+00  -1.9483769312298847e+01  -7.6695847481973075e+01   3.6681278325962133e+01  -6.6333461800865280e+01   2.0961178456782893e+01
  -5.5860015410364916e+01   5.4855155021817438e+01   8.4618167298478042e-01  -1.9719124583773148e+01  -8.5704136977902323e+01   4.0845311637926429e+01  -7.2039801193431032e+01   3.3573567679280984e+01
  -5.4044105482878159e+01   7.1652402987908062e+01  -7.8888900313511776e+00   1.3687622619406852e+01  -6.7935858225962775e+01   4.6909934870981296e+01  -6.7305390724985799e+01   4.4645198028115978e+00
  -7.1418559269921232e+01   5.6603841116469553e+01   1.1383257559794657e+00   1.3452267347932549e+01  -7.6944147721892023e+01   5.1073968182945592e+01  -7.3011730117551537e+01   1.7076909025309689e+01
  -4.1111933686987996e+01   7.5606080805648475e+01  -1.1451543511606648e+01   4.8557649272822330e+00  -8.3210084471078261e+01   3.7033975725171736e+01  -8.0107164367226375e+01   1.5941069345985694e+01
  -5.8486387474031069e+01   6.0557518934209966e+01  -2.4243277242760044e+00   4.6204096558079302e+00  -9.2218373967007508e+01   4.1198009037136032e+01  -8.5813503759792127e+01   2.8553458568483784e+01
  -5.4265222840931060e+01   6.3487799926834541e+01  -1.4452478223315728e+01  -1.6746090614731248e+01  -4.2487114882977814e+01   5.0530822253253156e+01  -7.2621769649449050e+01   1.3123938071779513e+01
  -7.1639676627974126e+01   4.8439238055396039e+01  -5.4252624359850863e+00  -1.6981445886205549e+01  -5.1495404378907068e+01   5.4694855565217452e+01  -7.8328109042014802e+01   2.5736327294277604e+01
  -4.1333051045040897e+01   6.7441477744574968e+01  -1.8015131703571196e+01  -2.5577948306855866e+01  -5.7761341128093292e+01   4.0654863107443596e+01  -8.5423543291689626e+01   2.4600487614953611e+01
  -5.8707504832083963e+01   5.2392915873136459e+01  -8.9879159162405529e+00  -2.5813303578330167e+01  -6.6769630624022540e+01   4.4818896419407892e+01  -9.1129882684255364e+01   3.7212876837451702e+01
  -5.6891594904597213e+01   6.9190163839227068e+01  -1.7722987620576511e+01   7.5934436248498329e+00  -4.9001351872082999e+01   5.0883519652462759e+01  -8.6395472215810145e+01   8.1038289609823124e+00
  -7.4266048691640279e+01   5.4141601967788574e+01  -8.6957718332458711e+00   7.3580883533755301e+00  -5.8009641368012247e+01   5.5047552964427055e+01  -9.2101811608375883e+01   2.0716218183480404e+01
  -4.3959423108707050e+01   7.3143841656967496e+01  -2.1285641100831981e+01  -1.2384140672747863e+00  -6.4275578117198478e+01   4.1007560506653199e+01  -9.9197245858050707e+01   1.9580378504156407e+01
  -6.1333876895750116e+01   5.8095279785528987e+01  -1.2258425313501338e+01  -1.4737693387490891e+00  -7.3283867613127725e+01   4.5171593818617495e+01  -1.0490358525061646e+02   3.2192767726654502e+01
  -7.3627120149157591e+01   6.5656586259199685e+01  -3.9074013544784663e+01  -2.2505433974005209e+00  -5.7390548774785550e+01   1.1584923698023733e+01  -3.5234600757189682e+01   2.6061351025457128e+01
  -9.1001573936200657e+01   5.0608024387761184e+01  -3.0046797757454016e+01  -2.4858986688748237e+00  -6.6398838270714805e+01   1.5748957009988029e+01  -4.0940940149755427e+01   3.8673740247955216e+01
  -6.0694948353267435e+01   6.9610264076940098e+01  -4.2636667025040126e+01  -1.1082401089525140e+01  -7.2664775019901029e+01   1.7089645522141730e+00  -4.8036374399430258e+01   3.7537900568631223e+01
  -7.8069402140310501e+01   5.4561702205501604e+01  -3.3609451237709486e+01  -1.1317756360999443e+01  -8.1673064515830276e+01   5.8729978641784673e+00  -5.3742713791995996e+01   5.0150289791129310e+01
  -7.6253492212823744e+01   7.1358950171592227e+01  -4.2344522942045444e+01   2.2088990842180561e+01  -6.3904785763890729e+01   1.1937621097233336e+01  -4.9008303323550763e+01   2.1041241914659928e+01
  -9.3627945999866810e+01   5.6310388300153718e+01  -3.3317307154714804e+01   2.1853635570706260e+01  -7.2913075259819976e+01   1.6101654409197632e+01  -5.4714642716116515e+01   3.3653631137158015e+01
  -6.3321320416933581e+01   7.5312627989332640e+01  -4.5907176422300914e+01   1.3257133150055941e+01  -7.9179012009006215e+01   2.0616619514237762e+00  -6.1810076965791339e+01   3.2517791457834022e+01
  -8.0695774203976654e+01   6.0264066117894131e+01  -3.6879960634970267e+01   1.3021777878581638e+01  -8.8187301504935448e+01   6.2256952633880704e+00  -6.7516416358357077e+01   4.5130180680332117e+01
  -7.6474609570876638e+01   6.3194347110518706e+01  -4.8908111134009999e+01  -8.3447223919575393e+00  -3.8456042420905767e+01   1.5558508479505200e+01  -5.4324682248014014e+01   2.9700660183627843e+01
  -9.3849063357919704e+01   4.8145785239080205e+01  -3.9880895346679353e+01  -8.5800776634318421e+00  -4.7464331916835015e+01   1.9722541791469496e+01  -6.0031021640579766e+01   4.2313049406125934e+01
  -6.3542437774986482e+01   6.7148024928259133e+01  -5.2470764614265462e+01  -1.7176580084082158e+01  -5.3730268666021246e+01   5.6825493336956381e+00  -6.7126455890254590e+01   4.1177209726801941e+01
  -8.0916891562029548e+01   5.2099463056820625e+01  -4.3443548826934823e+01  -1.7411935355556459e+01  -6.2738558161950493e+01   9.8465826456599324e+00  -7.2832795282820342e+01   5.3789598949300029e+01
  -7.9100981634542791e+01   6.8896711022911234e+01  -5.2178620531270781e+01   1.5994811847623541e+01  -4.4970279410010953e+01   1.5911205878714801e+01  -6.8098384814375109e+01   2.4680551072830646e+01
  -9.6475435421585857e+01   5.3848149151472740e+01  -4.3151404743940134e+01   1.5759456576149239e+01  -5.3978568905940200e+01   2.0075239190679095e+01  -7.3804724206940847e+01   3.7292940295328734e+01
  -6.6168809838652635e+01   7.2850388840651661e+01  -5.5741274011526251e+01   7.1629541554989222e+00  -6.0244505655126424e+01   6.0352467329052413e+00  -8.0900158456615685e+01   3.6157100616004740e+01
  -8.3543263625695701e+01   5.7801826969213153e+01  -4.6714058224195611e+01   6.9275988840246194e+00  -6.9252795151055679e+01   1.0199280044869536e+01  -8.6606497849181423e+01   4.8769489838502835e+01
  -7.1510321993190416e+01   8.1391575020224479e+01  -1.6613852248528683e+01  -1.9393414367286104e+00  -5.0196677346861001e+01   1.5660473944175104e+01  -3.9871208936526088e+01   3.3376648066866764e+01
  -8.8884775780233468e+01   6.6343013148785971e+01  -7.5866364611980401e+00  -2.1746967082029132e+00  -5.9204966842790249e+01   1.9824507256139398e+01  -4.5577548329091826e+01   4.5989037289364859e+01
  -5.8578150197300246e+01   8.5345252837964892e+01  -2.0176505728784150e+01  -1.0771199128853230e+01  -6.5470903591976480e+01   5.7845147983655441e+00  -5.2672982578766657e+01   4.4853197610040866e+01
  -7.5952603984343313e+01   7.0296690966526398e+01  -1.1149289941453510e+01  -1.1006554400327532e+01  -7.4479193087905728e+01   9.9485481103298383e+00  -5.8379321971332402e+01   5.7465586832538960e+01
  -7.4136694056856555e+01   8.7093938932617021e+01  -1.9884361645789468e+01   2.2400192802852469e+01  -5.6710914335966180e+01   1.6013171343384705e+01  -5.3644911502887169e+01   2.8356538956069567e+01
  -9.1511147843899636e+01   7.2045377061178513e+01  -1.0857145858458825e+01   2.2164837531378168e+01  -6.5719203831895427e+01   2.0177204655349001e+01  -5.9351250895452921e+01   4.0968928178567658e+01
  -6.1204522260966399e+01   9.1047616750357435e+01  -2.3447015126044938e+01   1.3568335110727849e+01  -7.1985140581081652e+01   6.1372121975751455e+00  -6.6446685145127745e+01   3.9833088499243665e+01
  -7.8578976048009466e+01   7.5999054878918926e+01  -1.4419799338714295e+01   1.3332979839253547e+01  -8.0993430077010913e+01   1.0301245509539440e+01  -7.2153024537693483e+01   5.2445477721741753e+01
  -7.4357811414909463e+01   7.8929335871543501e+01  -2.6447949837754017e+01  -8.0335204312856288e+00  -3.1262170992981218e+01   1.9634058725656569e+01  -5.8961290427350420e+01   3.7015957225037482e+01
  -9.1732265201952515e+01   6.3880774000104992e+01  -1.7420734050423377e+01  -8.2688757027599316e+00  -4.0270460488910466e+01   2.3798092037620865e+01  -6.4667629819916172e+01   4.9628346447535577e+01
  -6.1425639619019293e+01   8.2883013689283928e+01  -3.0010603318009487e+01  -1.6865378123410249e+01  -4.6536397238096697e+01   9.7580995798470092e+00  -7.1763064069590996e+01   4.8492506768211584e+01
  -7.8800093406062359e+01   6.7834451817845419e+01  -2.0983387530678847e+01  -1.7100733394884550e+01  -5.5544686734025944e+01   1.3922132891811303e+01  -7.7469403462156748e+01   6.1104895990709672e+01
  -7.6984183478575602e+01   8.4631699783936028e+01  -2.9718459235014802e+01   1.6306013808295454e+01  -3.7776407982086404e+01   1.9986756124866172e+01  -7.2734992993711501e+01   3.1995848114240285e+01
  -9.4358637265618682e+01   6.9583137912497534e+01  -2.0691243447684158e+01   1.6070658536821149e+01  -4.6784697478015651e+01   2.4150789436830465e+01  -7.8441332386277253e+01   4.4608237336738377e+01
  -6.4052011682685446e+01   8.8585377601676456e+01  -3.3281112715270275e+01   7.4741561161708328e+00  -5.3050634227201876e+01   1.0110796979056612e+01  -8.5536766635952091e+01   4.3472397657414383e+01
  -8.1426465469728512e+01   7.3536815730237947e+01  -2.4253896927939628e+01   7.2388008446965300e+00  -6.2058923723131130e+01   1.4274830291020907e+01  -9.1243106028517829e+01   5.6084786879912471e+01
  -7.7113034972967554e+01   6.3907849230253049e+01  -3.0080339167980704e+01  -1.3569502912751656e+01  -6.3649472541794964e+01   1.0740327049472935e+01  -4.6219671276366228e+01   3.3627596857432636e+00
  -9.4487488760010621e+01   4.8859287358814548e+01  -2.1053123380650060e+01  -1.3804858184225957e+01  -7.2657762037724211e+01   1.4904360361437229e+01  -5.1926010668931966e+01   1.5975148908241355e+01
  -6.4180863177077399e+01   6.7861527047993462e+01  -3.3642992648236174e+01  -2.2401360604876274e+01  -7.8923698786910435e+01   8.6436790366337490e-01  -5.9021444918606797e+01   1.4839309228917360e+01
  -8.1555316964120465e+01   5.2812965176554968e+01  -2.4615776860905527e+01  -2.2636715876350575e+01  -8.7931988282839683e+01   5.0284012156276692e+00  -6.4727784311172542e+01   2.7451698451415453e+01
  -7.9739407036633708e+01   6.9610213142645591e+01  -3.3350848565241485e+01   1.0770031326829425e+01  -7.0163709530900150e+01   1.1093024448682538e+01  -5.9993373842727308e+01  -1.6573494250539369e+00
  -9.7113860823676774e+01   5.4561651271207083e+01  -2.4323632777910845e+01   1.0534676055355122e+01  -7.9171999026829397e+01   1.5257057760646832e+01  -6.5699713235293061e+01   1.0955039797444154e+01
  -6.6807235240743552e+01   7.3563890960386004e+01  -3.6913502045496955e+01   1.9381736347048060e+00  -8.5437935776015621e+01   1.2170653028729763e+00  -7.2795147484967885e+01   9.8192001181201594e+00
  -8.4181689027786618e+01   5.8515329088947496e+01  -2.7886286258166315e+01   1.7028183632305032e+00  -9.4446225271944868e+01   5.3810986148372706e+00  -7.8501486877533637e+01   2.2431589340618252e+01
  -7.9960524394686601e+01   6.1445610081572070e+01  -3.9914436757206033e+01  -1.9663681907308675e+01  -4.4714966187915181e+01   1.4713911830954400e+01  -6.5309752767190560e+01   7.0020688439139818e+00
  -9.7334978181729667e+01   4.6397048210133562e+01  -3.0887220969875393e+01  -1.9899037178782976e+01  -5.3723255683844428e+01   1.8877945142918694e+01  -7.1016092159756312e+01   1.9614458066412073e+01
  -6.7028352598796445e+01   6.5399287899312498e+01  -4.3477090237461503e+01  -2.8495539599433293e+01  -5.9989192433030659e+01   4.8379526851448400e+00  -7.8111526409431136e+01   1.8478618387088076e+01
  -8.4402806385839511e+01   5.0350726027873989e+01  -3.4449874450130864e+01  -2.8730894870907598e+01  -6.8997481928959900e+01   9.0019859971091343e+00  -8.3817865801996874e+01   3.1091007609586171e+01
  -8.2586896458352754e+01   6.7147973993964598e+01  -4.3184946154466822e+01   4.6758523322724059e+00  -5.1229203177020366e+01   1.5066609230164003e+01  -7.9083455333551655e+01   1.9819597331167813e+00
  -9.9961350245395820e+01   5.2099412122526097e+01  -3.4157730367136182e+01   4.4404970607981031e+00  -6.0237492672949614e+01   1.9230642542128297e+01  -8.4789794726117393e+01   1.4594348955614873e+01
  -6.9654724662462598e+01   7.1101651811705025e+01  -4.6747599634722292e+01  -4.1560053598522124e+00  -6.6503429422135838e+01   5.1906500843544414e+00  -9.1885228975792216e+01   1.3458509276290878e+01
  -8.7029178449505650e+01   5.6053089940266517e+01  -3.7720383847391652e+01  -4.3913606313265152e+00  -7.5511718918065100e+01   9.3546833963187357e+00  -9.7591568368357969e+01   2.6070898498788971e+01
  -7.4996236817000380e+01   7.9642837991277844e+01  -7.6201778717247279e+00  -1.3258300952079747e+01  -5.6455601113870415e+01   1.4815877295624306e+01  -5.0856279455702627e+01   1.0678056727152905e+01
  -9.2370690604043432e+01   6.4594276119839336e+01   1.4070379156059154e+00  -1.3493656223554048e+01  -6.5463890609799662e+01   1.8979910607588600e+01  -5.6562618848268372e+01   2.3290445949650998e+01
  -6.2064065021110210e+01   8.3596515809018257e+01  -1.1182831351980198e+01  -2.2090158644204365e+01  -7.1729827358985887e+01   4.9399181498147442e+00  -6.3658053097943203e+01   2.2154606270327001e+01
  -7.9438518808153276e+01   6.8547953937579763e+01  -2.1556155646495547e+00  -2.2325513915678666e+01  -8.0738116854915148e+01   9.1039514617790385e+00  -6.9364392490508948e+01   3.4766995492825089e+01
  -7.7622608880666519e+01   8.5345201903670386e+01  -1.0890687268985513e+01   1.1081233287501334e+01  -6.2969838102975601e+01   1.5168574694833907e+01  -6.4629982022063714e+01   5.6579476163557061e+00
  -9.4997062667709599e+01   7.0296640032231878e+01  -1.8634714816548694e+00   1.0845878016027031e+01  -7.1978127598904848e+01   1.9332608006798203e+01  -7.0336321414629452e+01   1.8270336838853797e+01
  -6.4690437084776363e+01   8.9298879721410799e+01  -1.4453340749240981e+01   2.2493755953767147e+00  -7.8244064348091072e+01   5.2926155490243474e+00  -7.7431755664304291e+01   1.7134497159529801e+01
  -8.2064890871819429e+01   7.4250317849972291e+01  -5.4261249619103396e+00   2.0140203239024119e+00  -8.7252353844020320e+01   9.4566488609886417e+00  -8.3138095056870043e+01   2.9746886382027895e+01
  -7.7843726238719427e+01   7.7180598842596865e+01  -1.7454275460950065e+01  -1.9352479946636766e+01  -3.7521094759990632e+01   1.8789462077105771e+01  -6.9946360946526966e+01   1.4317365885323621e+01
  -9.5218180025762479e+01   6.2132036971158357e+01  -8.4270596736194214e+00  -1.9587835218111067e+01  -4.6529384255919879e+01   2.2953495389070063e+01  -7.5652700339092718e+01   2.6929755107821713e+01
  -6.4911554442829257e+01   8.1134276660337292e+01  -2.1016928941205531e+01  -2.8184337638761384e+01  -5.2795321005106111e+01   8.9135029312962111e+00  -8.2748134588767542e+01   2.5793915428497719e+01
  -8.2286008229872323e+01   6.6085714788898784e+01  -1.1989713153874888e+01  -2.8419692910235689e+01  -6.1803610501035358e+01   1.3077536243260505e+01  -8.8454473981333280e+01   3.8406304650995807e+01
  -8.0470098302385566e+01   8.2882962754989393e+01  -2.0724784858210846e+01   4.9870542929443147e+00  -4.4035331749095818e+01   1.9142159476315374e+01  -8.3720063512888061e+01   9.2972567745264225e+00
  -9.7844552089428646e+01   6.7834400883550899e+01  -1.1697569070880206e+01   4.7516990214700119e+00  -5.3043621245025065e+01   2.3306192788279667e+01  -8.9426402905453799e+01   2.1909645997024512e+01
  -6.7537926506495410e+01   8.6836640572729820e+01  -2.4287438338466316e+01  -3.8448033991803037e+00  -5.9309557994211289e+01   9.2662003305058125e+00  -9.6521837155128622e+01   2.0773806317700519e+01
  -8.4912380293538476e+01   7.1788078701291312e+01  -1.5260222551135675e+01  -4.0801586706546065e+00  -6.8317847490140537e+01   1.3430233642470107e+01  -1.0222817654769437e+02   3.3386195540198614e+01
  -6.9624906211445662e+01   7.0534847093211937e+01  -4.4940636579103760e+01  -6.4599991438895650e+00  -6.6250914392523228e+01   3.8594096947933011e+01  -3.5220015743724531e+01   2.6276618481084991e+01
  -8.6999359998488728e+01   5.5486285221773429e+01  -3.5913420791773120e+01  -6.6953544153638678e+00  -7.5259203888452475e+01   4.2758130259897307e+01  -4.0926355136290269e+01   3.8889007703583083e+01
  -5.6692734415555506e+01   7.4488524910952350e+01  -4.8503290059359230e+01  -1.5291856836014183e+01  -8.1525140637638714e+01   2.8718137802123451e+01  -4.8021789385965100e+01   3.7753168024259089e+01
  -7.4067188202598572e+01   5.9439963039513856e+01  -3.9476074272028583e+01  -1.5527212107488484e+01  -9.0533430133567947e+01   3.2882171114087747e+01  -5.3728128778530845e+01   5.0365557246757177e+01
  -7.2251278275111815e+01   7.6237211005604479e+01  -4.8211145976364548e+01   1.7879535095691516e+01  -7.2765151381628414e+01   3.8946794347142614e+01  -4.8993718310085612e+01   2.1256509370287791e+01
  -8.9625732062154881e+01   6.1188649134165971e+01  -3.9183930189033902e+01   1.7644179824217211e+01  -8.1773440877557661e+01   4.3110827659106910e+01  -5.4700057702651364e+01   3.3868898592785882e+01
  -5.9319106479221652e+01   8.0190888823344892e+01  -5.1773799456620011e+01   9.0476774035668974e+00  -8.8039377626743885e+01   2.9070835201333054e+01  -6.1795491952326188e+01   3.2733058913461889e+01
  -7.6693560266264726e+01   6.5142326951906384e+01  -4.2746583669289372e+01   8.8123221320925929e+00  -9.7047667122673147e+01   3.3234868513297350e+01  -6.7501831344891940e+01   4.5345448135959984e+01
  -7.2472395633164709e+01   6.8072607944530958e+01  -5.4774734168329097e+01  -1.2554178138446584e+01  -4.7316408038643452e+01   4.2567681729414474e+01  -5.4310097234548863e+01   2.9915927639255706e+01
  -8.9846849420207775e+01   5.3024046073092457e+01  -4.5747518380998457e+01  -1.2789533409920885e+01  -5.6324697534572699e+01   4.6731715041378777e+01  -6.0016436627114615e+01   4.2528316861753794e+01
  -5.9540223837274553e+01   7.2026285762271385e+01  -5.8337387648584567e+01  -2.1386035830571203e+01  -6.2590634283758924e+01   3.2691722583604914e+01  -6.7111870876789439e+01   4.1392477182429801e+01
  -7.6914677624317619e+01   5.6977723890832877e+01  -4.9310171861253920e+01  -2.1621391102045504e+01  -7.1598923779688178e+01   3.6855755895569217e+01  -7.2818210269355177e+01   5.4004866404927895e+01
  -7.5098767696830862e+01   7.3774971856923486e+01  -5.8045243565589885e+01   1.1785356101134496e+01  -5.3830645027748631e+01   4.2920379128624077e+01  -6.8083799800909958e+01   2.4895818528458509e+01
  -9.2473221483873928e+01   5.8726409985484992e+01  -4.9018027778259238e+01   1.1550000829660194e+01  -6.2838934523677878e+01   4.7084412440588380e+01  -7.3790139193475696e+01   3.7508207750956601e+01
  -6.2166595900940699e+01   7.7728649674663913e+01  -6.1607897045845348e+01   2.9534984090098773e+00  -6.9104871272864102e+01   3.3044419982814517e+01  -8.0885573443150520e+01   3.6372368071632607e+01
  -7.9541049687983772e+01   6.2680087803225405e+01  -5.2580681258514709e+01   2.7181431375355745e+00  -7.8113160768793364e+01   3.7208453294778820e+01  -8.6591912835716272e+01   4.8984757294130695e+01
  -6.7508108055478488e+01   8.6269835854236732e+01  -2.2480475282847785e+01  -6.1487971832176544e+00  -5.9057042964598679e+01   4.2669647194084376e+01  -3.9856623923060930e+01   3.3591915522494631e+01
  -8.4882561842521554e+01   7.1221273982798223e+01  -1.3453259495517145e+01  -6.3841524546919572e+00  -6.8065332460527927e+01   4.6833680506048680e+01  -4.5562963315626675e+01   4.6204304744992726e+01
  -5.4575936259588318e+01   9.0223513671977145e+01  -2.6043128763103255e+01  -1.4980654875342275e+01  -7.4331269209714151e+01   3.2793688048274817e+01  -5.2658397565301506e+01   4.5068465065668732e+01
  -7.1950390046631384e+01   7.5174951800538651e+01  -1.7015912975772615e+01  -1.5216010146816576e+01  -8.3339558705643412e+01   3.6957721360239120e+01  -5.8364736957867251e+01   5.7680854288166820e+01
  -7.0134480119144627e+01   9.1972199766629274e+01  -2.5750984680108573e+01   1.8190737056363425e+01  -6.5571279953703865e+01   4.3022344593293980e+01  -5.3630326489422018e+01   2.8571806411697430e+01
  -8.7508933906187707e+01   7.6923637895190765e+01  -1.6723768892777930e+01   1.7955381784889124e+01  -7.4579569449633112e+01   4.7186377905258283e+01  -5.9336665881987763e+01   4.1184195634195518e+01
  -5.7202308323254471e+01   9.5925877584369687e+01  -2.9313638160364039e+01   9.3588793642388062e+00  -8.0845506198819351e+01   3.3146385447484420e+01  -6.6432100131662594e+01   4.0048355954871525e+01
  -7.4576762110297537e+01   8.0877315712931193e+01  -2.0286422373033396e+01   9.1235240927645052e+00  -8.9853795694748584e+01   3.7310418759448723e+01  -7.2138439524228346e+01   5.2660745177369620e+01
  -7.0355597477197534e+01   8.3807596705555753e+01  -3.2314572872073121e+01  -1.2242976177774672e+01  -4.0122536610718903e+01   4.6643231975565847e+01  -5.8946705413885269e+01   3.7231224680665349e+01
  -8.7730051264240601e+01   6.8759034834117244e+01  -2.3287357084742478e+01  -1.2478331449248973e+01  -4.9130826106648151e+01   5.0807265287530143e+01  -6.4653044806451021e+01   4.9843613903163444e+01
  -5.7423425681307371e+01   8.7761274523296180e+01  -3.5877226352328591e+01  -2.1074833869899290e+01  -5.5396762855834375e+01   3.6767272829756287e+01  -7.1748479056125845e+01   4.8707774223839444e+01
  -7.4797879468350430e+01   7.2712712651857672e+01  -2.6850010564997948e+01  -2.1310189141373591e+01  -6.4405052351763629e+01   4.0931306141720583e+01  -7.7454818448691583e+01   6.1320163446337538e+01
  -7.2981969540863673e+01   8.9509960617948281e+01  -3.5585082269333910e+01   1.2096558061806409e+01  -4.6636773599824082e+01   4.6995929374775450e+01  -7.2720407980246364e+01   3.2211115569868149e+01
  -9.0356423327906754e+01   7.4461398746509786e+01  -2.6557866482003263e+01   1.1861202790332106e+01  -5.5645063095753336e+01   5.1159962686739746e+01  -7.8426747372812102e+01   4.4823504792366236e+01
  -6.0049797744973517e+01   9.3463638435688708e+01  -3.9147735749589373e+01   3.2647003696817896e+00  -6.1910999844939560e+01   3.7119970228965890e+01  -8.5522181622486926e+01   4.3687665113042243e+01
  -7.7424251532016584e+01   7.8415076564250199e+01  -3.0120519962258733e+01   3.0293450982074868e+00  -7.0919289340868801e+01   4.1284003540930186e+01  -9.1228521015052678e+01   5.6300054335540338e+01
  -7.3110821035255626e+01   6.8786110064265301e+01  -3.5946962202299808e+01  -1.7778958659240701e+01  -7.2509838159532649e+01   3.7749500299382213e+01  -4.6205086262901077e+01   3.5780271413711269e+00
  -9.0485274822298692e+01   5.3737548192826800e+01  -2.6919746414969161e+01  -1.8014313930715002e+01  -8.1518127655461896e+01   4.1913533611346509e+01  -5.1911425655466815e+01   1.6190416363869218e+01
  -6.0178649239365470e+01   7.2739787882005714e+01  -3.9509615682555278e+01  -2.6610816351365319e+01  -8.7784064404648120e+01   2.7873541153572653e+01  -5.9006859905141646e+01   1.5054576684545223e+01
  -7.7553103026408536e+01   5.7691226010567220e+01  -3.0482399895224631e+01  -2.6846171622839620e+01  -9.6792353900577368e+01   3.2037574465536949e+01  -6.4713199297707391e+01   2.7666965907043313e+01
  -7.5737193098921779e+01   7.4488473976657843e+01  -3.9217471599560589e+01   6.5605755803403802e+00  -7.9024075148637820e+01   3.8102197698591816e+01  -5.9978788829262157e+01  -1.4420819694260736e+00
  -9.3111646885964845e+01   5.9439912105219335e+01  -3.0190255812229946e+01   6.3252203088660774e+00  -8.8032364644567082e+01   4.2266231010556112e+01  -6.5685128221827910e+01   1.1170307253072018e+01
  -6.2805021303031616e+01   7.8442151794398256e+01  -4.2780125079816059e+01  -2.2712821117842390e+00  -9.4298301393753306e+01   2.8226238552782256e+01  -7.2780562471502734e+01   1.0034467573748023e+01
  -8.0179475090074689e+01   6.3393589922959748e+01  -3.3752909292485413e+01  -2.5066373832585418e+00  -1.0330659088968255e+02   3.2390271864746552e+01  -7.8486901864068471e+01   2.2646856796246112e+01
  -7.5958310456974672e+01   6.6323870915584322e+01  -4.5781059791525138e+01  -2.3873137653797720e+01  -5.3575331805652866e+01   4.1723085080863683e+01  -6.5295167753725408e+01   7.2173362995418451e+00
  -9.3332764244017739e+01   5.1275309044145821e+01  -3.6753844004194498e+01  -2.4108492925272021e+01  -6.2583621301582113e+01   4.5887118392827972e+01  -7.1001507146291146e+01   1.9829725522039936e+01
  -6.3026138661084516e+01   7.0277548733324750e+01  -4.9343713271780615e+01  -3.2704995345922342e+01  -6.8849558050768337e+01   3.1847125935054120e+01  -7.8096941395965985e+01   1.8693885842715943e+01
  -8.0400592448127583e+01   5.5228986861886241e+01  -4.0316497484449968e+01  -3.2940350617396646e+01  -7.7857847546697585e+01   3.6011159247018412e+01  -8.3803280788531737e+01   3.1306275065214031e+01
  -7.8584682520640825e+01   7.2026234827976850e+01  -4.9051569188785926e+01   4.6639658578336096e-01  -6.0089568794758044e+01   4.2075782480073286e+01  -7.9068870320086489e+01   2.1972271887446446e+00
  -9.5959136307683892e+01   5.6977672956538356e+01  -4.0024353401455286e+01   2.3104131430905817e-01  -6.9097858290687299e+01   4.6239815792037575e+01  -8.4775209712652241e+01   1.4809616411242736e+01
  -6.5652510724750670e+01   7.5979912645717278e+01  -5.2614222669041396e+01  -8.3654611063412592e+00  -7.5363795039873523e+01   3.2199823334263726e+01  -9.1870643962327080e+01   1.3673776731918741e+01
  -8.3026964511793736e+01   6.0931350774278769e+01  -4.3587006881710749e+01  -8.6008163778155620e+00  -8.4372084535802770e+01   3.6363856646228015e+01  -9.7576983354892818e+01   2.6286165954416834e+01
  -7.0994022879288451e+01   8.4521098825290096e+01  -1.3486800906043829e+01  -1.7467756698568792e+01  -6.5315966731608100e+01   4.1825050545533585e+01  -5.0841694442237475e+01   1.0893324182780768e+01
  -8.8368476666331503e+01   6.9472536953851588e+01  -4.4595851187131856e+00  -1.7703111970043093e+01  -7.4324256227537347e+01   4.5989083857497874e+01  -5.6548033834803221e+01   2.3505713405278861e+01
  -5.8061851083398281e+01   8.8474776643030509e+01  -1.7049454386299296e+01  -2.6299614390693410e+01  -8.0590192976723571e+01   3.1949091399724022e+01  -6.3643468084478052e+01   2.2369873725954864e+01
  -7.5436304870441347e+01   7.3426214771592015e+01  -8.0222385989686558e+00  -2.6534969662167711e+01  -8.9598482472652819e+01   3.6113124711688315e+01  -6.9349807477043797e+01   3.4982262948452956e+01
  -7.3620394942954590e+01   9.0223462737682638e+01  -1.6757310303304614e+01   6.8717775410122890e+00  -7.1830203720713286e+01   4.2177747944743189e+01  -6.4615397008598563e+01   5.8732150719835694e+00
  -9.0994848729997670e+01   7.5174900866244130e+01  -7.7300945159739705e+00   6.6364222695379862e+00  -8.0838493216642519e+01   4.6341781256707478e+01  -7.0321736401164316e+01   1.8485604294481661e+01
  -6.0688223147064434e+01   9.4177140555423051e+01  -2.0319963783560084e+01  -1.9600801511123302e+00  -8.7104429965828757e+01   3.2301788798933629e+01  -7.7417170650839140e+01   1.7349764615157667e+01
  -7.8062676934107500e+01   7.9128578683984557e+01  -1.1292747996229441e+01  -2.1954354225866330e+00  -9.6112719461758005e+01   3.6465822110897918e+01  -8.3123510043404877e+01   2.9962153837655755e+01
  -7.3841512301007498e+01   8.2058859676609117e+01  -2.3320898495269162e+01  -2.3561935693125811e+01  -4.6381460377728317e+01   4.5798635327015049e+01  -6.9931775933061814e+01   1.4532633340951485e+01
  -9.1215966088050550e+01   6.7010297805170609e+01  -1.4293682707938522e+01  -2.3797290964600112e+01  -5.5389749873657564e+01   4.9962668638979345e+01  -7.5638115325627552e+01   2.7145022563449576e+01
  -6.0909340505117328e+01   8.6012537494349544e+01  -2.6883551975524632e+01  -3.2393793385250433e+01  -6.1655686622843788e+01   3.5922676181205489e+01  -8.2733549575302391e+01   2.6009182884125583e+01
  -7.8283794292160394e+01   7.0963975622911036e+01  -1.7856336188193993e+01  -3.2629148656724738e+01  -7.0663976118773036e+01   4.0086709493169785e+01  -8.8439888967868143e+01   3.8621572106623674e+01
  -7.6467884364673637e+01   8.7761223589001645e+01  -2.6591407892529947e+01   7.7759854645526971e-01  -5.2895697366833495e+01   4.6151332726224652e+01  -8.3705478499422895e+01   9.5125242301542858e+00
  -9.3842338151716717e+01   7.2712661717563151e+01  -1.7564192105199304e+01   5.4224327498096692e-01  -6.1903986862762750e+01   5.0315366038188948e+01  -8.9411817891988647e+01   2.2124913452652379e+01
  -6.3535712568783481e+01   9.1714901406742072e+01  -3.0154061372785417e+01  -8.0542591456693504e+00  -6.8169923611948974e+01   3.6275373580415092e+01  -9.6507252141663486e+01   2.0989073773328382e+01
  -8.0910166355826547e+01   7.6666339535303564e+01  -2.1126845585454774e+01  -8.2896144171436532e+00  -7.7178213107878221e+01   4.0439406892379388e+01  -1.0221359153422922e+02   3.3601462995826473e+01