  -2.6490200850663603e-01   5.3035652351468510e-01  -5.3665553814215128e-01  -3.2794526735211160e-01  -7.3726913406689215e-02   4.4221332806798413e-01   6.0706225716199392e-03   9.6630260119535710e-02  -5.0035642612425317e-02  -2.0033848460798334e-01
   2.6020529929606062e-01   1.3072128496756760e-01   1.3612097598496933e-01   3.7233351254467656e-01  -1.7863801596982373e-01   2.2707525215324476e-01   5.9587690734631604e-01  -2.3892999009336743e-01  -2.7112007454189169e-01  -4.3463357972365174e-01
   6.0269994260930981e-01  -1.8742222112357687e-01  -8.9043270455810467e-02  -5.1843612091028224e-01  -3.8813752789272660e-01  -5.9567820423902455e-02  -2.4576717715599558e-01  -6.6863753020005759e-02  -2.8093081851259377e-01  -1.6409606124413101e-01
   2.2830381179520925e-01  -3.5450302785376822e-02  -1.0688198521500758e-01   3.1369045742161578e-01  -1.5823048518002267e-01   4.8963015685732775e-01  -3.7201147744129404e-01  -4.7555700784264671e-01   4.2262483856297972e-01   1.6988774393755343e-01
  -2.7949633011161497e-02   5.0067061785108868e-01   4.0243793341317446e-01   4.7037438320610137e-02   2.7194950792191025e-01  -7.0285428877874409e-02  -4.8932720403398888e-01  -2.9282049244922231e-01  -4.1244679803042228e-01  -1.0092100177132143e-01
  -5.2703939557056656e-01  -4.3732186247060867e-01  -1.1296191517403460e-01   2.5986604335983449e-01  -3.7398727313910618e-01   9.5647713252941829e-02  -2.8147400048798688e-01  -3.0336664105832124e-02  -4.4734877704277815e-01  -1.4630273192451931e-01
  -1.4103511781090572e-01  -8.0478268508720557e-02   1.2563896516331766e-01  -3.3042783942724968e-01   1.0506891950020853e-02   2.5489606977119339e-01   3.3570601485011242e-01  -3.7408898132655460e-01  -3.3123901558192109e-01   6.4901606778462761e-01
   3.4499937290571331e-01   1.9060968584544138e-01  -4.0076088533062632e-01   4.5349408776738875e-01   8.4184344379399992e-03  -7.6489514204214043e-02  -6.0863339638661196e-02   3.2805855192651129e-01  -3.8610548560569602e-01   4.6049048205703419e-01
  -1.5752697770045851e-01   2.8616518840360855e-01  -2.6523618079241806e-01   4.3792371083674779e-02  -4.0097006105192495e-01  -6.4068702027685676e-01   1.0120054378846595e-01  -4.6237858536960963e-01   1.3671400144155268e-01   8.3926519069619898e-02
   6.6845716933481472e-02  -3.1405300924349067e-01  -5.0265106942290771e-01  -1.1909867618253120e-02   6.4201550174827671e-01  -1.1919374950933354e-01   2.8047530687643825e-02  -3.9360733459795438e-01  -1.3687849178138675e-01  -2.0799577213867801e-01
  -1.6035056530984615e-01   3.6724410524856566e-01   3.5938508576050165e-01  -2.7006073880489308e-02   4.5892765229293869e-01  -4.4677468214942773e-01  -4.2330023222097890e-01  -3.9158251373885317e-02  -9.9689234990901918e-02  -3.2962992886049503e-01
  -1.7561255476840776e-01  -3.3445824204800456e-01   1.8589916172698290e-01  -7.0471476199077787e-02  -1.9741082321990316e-01  -1.1265022910435528e-01   1.4207976889310112e-01  -4.4328098558136864e-01  -7.3318091612733205e-01  -1.0896390101200756e-01
  -2.5586702468013978e-01  -2.1473767633459304e-01   6.0514646965210883e-01   2.3722264394539877e-01  -2.7674334925253902e-01   3.7953540523633861e-01  -3.3349245012798651e-01   3.6562497289397516e-01   1.9693352670438643e-02   4.7217678873488645e-03
  -9.0307264297335932e-02  -4.6079263978501672e-01  -2.9699490228081887e-01  -6.3728924745528237e-01   3.8065889779655979e-03  -9.8288938950971474e-03  -3.6684071858031136e-01   2.5138981966521984e-01   3.8720572085296050e-02  -2.9290245819194011e-01
  -5.9801148872824445e-03   3.7571657738127201e-01   4.1841833304906506e-01  -6.6593262647418772e-01  -9.7385203227871905e-02   2.2819223238863681e-01   4.1154769353280585e-01   1.7886864905118333e-02   6.9801175596560225e-02  -6.4357644761583427e-02
   3.1271344406589824e-01   7.4707148180189656e-02  -1.2045382061808474e-01   1.7803118568784593e-01   3.2543374706275757e-01   5.9808653214723972e-01   4.8506674530716554e-02   3.7869761611604505e-02  -2.6664435735797948e-01  -5.5850162456316699e-01
   3.7901439451800745e-01  -1.3918150377024849e-01   1.5469527081834358e-01  -1.5163648725941184e-01   4.3390693602956598e-01  -9.7261019969812450e-03  -2.2577798834953033e-02   3.5766659620021291e-01  -3.9332851908305716e-01   5.6439352008868426e-01
   5.3179711579985456e-01   3.0648615012889474e-01  -4.8321065746608327e-02   2.7455031916788926e-03  -6.0336225756559048e-01  -2.4911910204721122e-01  -2.1514008668938980e-01   2.5145752568256702e-01  -2.5033911709249584e-01  -1.5041092278900264e-01
  -1.7757997301177231e-01   3.9441208612199563e-01  -2.4672115584200818e-01  -1.6399744282802237e-01  -7.6461713640718382e-02   4.1118172049711060e-01  -5.2031135021037622e-01  -3.3214136039371184e-01  -1.8163079671894738e-01   3.6903880260665856e-01
   5.6036095527401930e-01  -2.8145528165006406e-01   3.2427724990723727e-01  -8.2671554375179729e-02   1.5948892884586920e-02   5.0537630491064557e-02  -2.5612030178641759e-01  -5.4941961524105976e-01   3.5253727263738732e-01   1.5418594234244189e-02
  -3.5502282258470763e-01  -6.0889029199923994e-01  -3.9626680999486609e-02   1.6651830234864085e-01   4.8317420977559444e-01   9.2537049928284598e-03  -3.1434637920179387e-01  -6.3703898632238798e-02  -2.0069798527646382e-01  -3.1179853548139019e-01
   1.9586933894655650e-01  -1.7105488720765394e-01  -3.4089154062319327e-01   3.5680342574433160e-01  -1.8232529389146494e-02   1.1459780580374497e-01   1.2093333714487566e-01  -3.4792825753077639e-01   7.1020785556839094e-01  -1.8793742516130549e-01
   2.0467254243287278e-01  -2.5522990417462012e-02   3.0834352408277360e-01  -1.4230502455557906e-02  -2.8041034658426677e-02   7.4689253410698209e-01   3.0134522503922972e-01  -1.0966602151661985e-01  -2.3470066847256887e-01  -3.8160810978034687e-01
   3.8637891495100085e-01  -1.1782069983071192e-01  -1.9009997505337392e-01   4.0551089413021513e-01   2.9860622057948488e-01  -6.7413089018933961e-02   3.3209492635203403e-01  -1.7236768926050863e-01  -4.2855119374519790e-01   4.6785526115356035e-01
  -3.0007474950041663e-02  -4.3854649151023595e-01  -1.4822899670638714e-01  -4.7542515764426430e-01  -3.6310191987269635e-01   1.9018653373336317e-01  -1.3820321927265439e-01  -4.6923888778521328e-01  -7.4937844866266354e-02   3.8191719547088859e-01
   1.9067497557138333e-01  -2.4579163726697332e-02   7.0957865627073302e-01   1.3311877601995165e-01   2.2729414934596454e-01   7.9969319502513972e-02  -3.7004869697593901e-01  -1.3049152401754244e-01   3.0506942528372755e-01   3.6976653151923233e-01
   2.9152891002092202e-01   1.3456376356717592e-01  -2.1700200420035701e-01  -6.2255216468982089e-01   6.5479964509141608e-01   6.1329664857334099e-02   2.5969527399753244e-02   2.1087551845770210e-02   1.6773380435138036e-01  -2.1558925018121400e-02
   1.4471883246287667e-01   4.9302054583641197e-01  -1.6394894613231431e-01   1.1179528110808522e-01  -8.2950573563689671e-03  -2.8350991211593755e-02  -5.2822106825383031e-01  -5.2898656490028717e-01  -2.8371264302637228e-01  -2.3748689608767240e-01
  -5.5884896074777679e-01   2.3350623866005493e-01   2.2737555633010151e-01  -6.9003260606432665e-02   2.1101446708605531e-01  -1.5856293919206929e-01   4.7064672388699075e-01  -5.3035362801371499e-01   5.4625587020510236e-02   3.5566933690978166e-02
  -4.3464040346207700e-01   2.7718352844677574e-01  -3.1601658033176222e-01   1.7815963695279222e-01   1.3926291766360221e-01   5.9339313100036850e-01  -1.6801510982635418e-01   1.8544775881328862e-01   7.9310205045343682e-02   4.0277791746149538e-01
  -7.9333121804919651e-02   6.0570748429990851e-01   1.7049038925928497e-01   2.9340901176277894e-02  -5.3301714339599560e-01   3.0505235372795653e-01   6.2368387974148537e-02  -3.3592620474873736e-01  -2.7828721911318782e-01   1.5985185982655264e-01
   2.9534375004338170e-01   1.0732846451074507e-01  -1.1716063337886924e-01   1.6580107156164825e-01   4.6262856024943966e-01   4.6120597718900846e-01  -5.4298449121295556e-01  -3.1024812340627234e-01   7.6851036443821560e-02   1.9054601790806114e-01
   1.1659931251486355e-01  -5.5967037462353347e-02  -7.6417560738611956e-01  -2.8097825765697954e-01  -2.6680068301467247e-01   4.0078907959403393e-01   7.1908935903242363e-02   1.4815849575538143e-01  -7.5172093451136499e-03  -2.4772225716789020e-01
  -3.7912477860515448e-01  -4.2984991932566669e-01   1.1799617514948862e-01  -2.1896337628690846e-01  -3.0531163941642736e-01   1.0478183380707443e-01  -2.3271256776875424e-01  -5.0660217277998809e-01   4.3342182208989349e-01  -8.2313943002777237e-02
   6.6991297724776377e-04  -4.0967988884732748e-01   5.8688289267480633e-02   9.4103468597178594e-02  -1.8163693660828784e-01  -4.8397215446922874e-02  -4.3090851223674870e-01   2.2810560258080003e-03  -7.5299097432831219e-01  -1.7845206088314741e-01
   5.9870252138653400e-02  -2.5496129012250635e-01  -3.9369240989405374e-01   3.3579388781077796e-01   5.2166434222290045e-02  -2.1320793013549225e-01   4.3166173922601569e-01  -5.4128325800464239e-01  -1.7454085827309565e-01   3.2510944726673036e-01
   1.8993279831772489e-01   4.2803803618800089e-03   1.3693023990790465e-01  -8.1957067360905278e-01   2.9580887607377843e-01  -6.1510907287628556e-02   1.6614378546855496e-01  -2.7289624762576170e-01  -2.7400705039225859e-01   7.0843241483118963e-02
  -2.4314496567647781e-01  -2.8269785391408281e-01   2.9240781762892065e-01   1.3209011033296716e-01   2.4397538031335775e-01   6.6978741302525768e-01   4.5845311151292245e-01   9.8437456010549873e-02  -1.5092401882819184e-01  -8.5005338027662219e-02
  -6.5465043469858841e-01   3.4194263892658627e-01  -2.5738091405012548e-01   2.3536137951640630e-02   3.9314673569727004e-01  -1.4087372215887381e-01  -6.8875690174356269e-02  -1.7665483138718266e-01  -1.5814388411594077e-01  -3.9030643821091582e-01
  -4.7095785154028441e-01  -6.3180253051149923e-02  -1.7430941067042954e-01  -1.8287848639386567e-01   1.2852692902689505e-02   5.0763187246001824e-02  -1.6556302603853987e-01   3.2239881013566940e-01  -9.1716016823087471e-02   7.5357323284396749e-01
  -8.6203397020841233e-02  -1.3932483406204541e-01  -5.3414434745919182e-01  -1.0546080315462061e-01  -2.6397745881605411e-01   4.6138041696457316e-01   2.5349099080948612e-01   5.6244446873204812e-01   1.1335944879143360e-01  -2.6787770539779036e-02
  -4.1868980704368824e-01   1.4651090405299458e-01   5.2674496171102592e-01   9.1882343799794888e-02   2.5286468383776994e-01   2.8564557097596016e-01  -2.0960994241993683e-01   3.7968175099797857e-01   4.1476040208579329e-01  -1.0805595305251255e-01
   1.8380064792729367e-01   4.2024731678079735e-01   3.8770240233406317e-01  -5.5948521421291064e-01  -3.4328316487522909e-01   2.2622146878676935e-01   1.8700507153876506e-01  -1.2212829355056449e-04  -9.5604520826112649e-02   3.3636592653812708e-01
   3.1416208759541797e-01   1.5425114326284606e-01  -1.7405047550292230e-01   6.2473156294034445e-02   7.3820731624313884e-01   3.4989175261417571e-01   1.7908415632951261e-01  -7.8415536111667974e-02   3.7305925789936689e-02   3.6922372687351562e-01
   3.5117498612872800e-01   4.0671045496559899e-01  -3.2974979913842167e-01  -1.5810437216497636e-01  -8.4130363398096167e-02  -3.2191892294187283e-03  -5.2847778644558407e-01  -9.3987637495124704e-02   4.7515652404511161e-01  -2.3779478983756192e-01
   1.4025186520020377e-01  -2.3160602163384980e-01   6.8649822758558160e-02  -6.1394630357444864e-02  -3.9296585344313829e-02  -4.4292972083443427e-01   3.9771494758533410e-01   5.5354167573587770e-02   6.9862907134920660e-01   2.6674175581689269e-01
  -4.8099257140764962e-01   5.4428696410670629e-01  -2.9313634378370851e-01  -2.2950637477380961e-01   2.4199654327664813e-01  -4.2046242041031834e-01   2.6793613065458438e-01   8.9938660661407946e-02  -8.6915645060210517e-02  -1.0493673695311155e-01
  -7.1502233315399830e-02   2.2015830555372148e-01   4.0695773662818728e-02   3.0375816977698866e-01  -1.7685365488395507e-01   3.3383787220399608e-01   4.9812843510622645e-01  -5.0541973014256258e-01   2.1989641767423920e-01  -3.9728096264245821e-01
   1.9265084067000149e-01  -3.2677091412305503e-01   1.3566763886677444e-01  -5.8316078301480589e-01   3.2372892480355170e-01   2.5244496413574409e-02   1.5465355361011202e-01   7.7514777066172626e-03  -3.4722503179464161e-02  -6.0580777112763939e-01
  -5.1789197546886467e-01  -2.9693428666091004e-01  -1.9283241977907858e-01  -3.8694193358526169e-01   1.7885224059266912e-02   2.1647995256839869e-01  -2.0846721054561357e-01  -5.0779234413051666e-01   1.8335967376652457e-01   2.7311840906081625e-01
  -1.6125355605250197e-01   2.7245947431654635e-02   6.4256546973888454e-02   9.3244352711461004e-02  -1.1277818749471361e-01  -3.8761699309272296e-01  -2.6611177498408634e-01   1.4804436171481924e-01   1.7529432448377408e-01  -8.2097805874553831e-01
  -3.9046519246728079e-01  -2.8093405435729318e-01   3.9472746674479325e-01  -7.6622846104483222e-02   2.4057092181726425e-01  -4.4150625130053262e-01   2.6437356202482165e-01   4.6631821102451437e-01  -3.3085859381592489e-02   2.5629922033177971e-01
  -2.3727520006475214e-01  -3.3935629589752764e-01  -3.3643525076364500e-01   6.9226757064015942e-01   1.2882072119862548e-01  -1.8529706354770961e-01   1.3525636238124036e-01  -3.4135200929609805e-01  -2.2439364910221116e-01   4.1169175953319724e-03
   4.2102677588352927e-01   1.5792866162288516e-01   4.2921133020009888e-01   2.1612475417133722e-01   2.3143112509171948e-01  -3.4353629227967175e-01  -4.9916770345445011e-01  -1.6199781762716392e-01  -2.9538871870165589e-01   1.8060726034886682e-01
  -2.7224543170923110e-01   6.8290287635187374e-01   4.7249109009590444e-02   4.0824112661804934e-01   3.0654473049347986e-01   1.1615791520560254e-01   4.1477819593255208e-02   1.0170339557590498e-01   3.9623883311106067e-01   1.1874870317561609e-01
   2.9524202423187673e-01   2.5792899706669087e-01   2.8994589980021418e-01   5.3518600340762106e-03  -3.0094739750007780e-02  -1.6362108220003013e-01   7.5458803259961826e-01  -2.7168099042012367e-01  -1.3942867982816623e-01  -2.6809689335215792e-01
  -2.5213408798625125e-01   2.3036617002307361e-02  -9.9411499776507650e-02  -4.6033285927898598e-01   7.1214997641762834e-01   3.9592698079396915e-02  -6.2620057238580745e-02  -3.8130546983047020e-01  -1.2458699923878024e-01  -2.0136162596009571e-01
  -2.2508097419979925e-01  -1.9378303239281445e-02   1.2217754390987312e-01  -1.8544449148531683e-01  -3.2123136715418854e-01  -3.6569110344756650e-01  -6.9048955346765070e-02  -5.8879223593507557e-01   4.8858599808032921e-01   2.6938098953384976e-01
  -1.1153319864078710e-01  -3.6849252063491578e-01   6.3324171969393805e-01   2.0694592070511875e-01   4.5338499038385494e-02   5.5961607134947011e-01  -4.5137518185084047e-02  -1.8036164649892175e-01   1.7221252759137445e-01  -1.6882333261983104e-01
   5.4773445384214015e-01  -3.3264532093947841e-01  -1.7476871013411777e-01   6.0646984242582518e-02   3.8983771408840645e-01  -1.1722149485438761e-01   9.9892589158589812e-02   9.5451991543948969e-02   6.0846470615510762e-01  -8.8694371385066740e-03
   4.6320564546501292e-01   1.5358534710465385e-01   2.9992438626783007e-02  -1.3294613691653809e-01  -5.5494172900100169e-02  -9.2861106914956484e-02   3.3381293551419354e-02   5.7106876829943420e-01   1.2713279448047959e-01  -6.2303969756857913e-01
   5.3276813346830754e-01   3.6729148870365175e-01   3.6575680720625858e-01   4.0945725560810504e-02   5.3560815844019193e-02  -1.8885099500377239e-01  -5.0655031957709051e-01  -3.3618208451380532e-01  -1.0725563165668209e-01   1.6171466781209887e-01
   1.4053217989357700e-01  -8.1106399900251047e-01   5.8621623290601846e-02  -5.8352578257684869e-02   3.8769293407461852e-02  -3.7620574262761630e-01  -2.8100395176881249e-01  -8.8326721358443536e-02   2.8551595935549517e-01  -6.5317419347799305e-02
  -2.8750508426741084e-01   2.8131843223022229e-01   5.5902153205382936e-02  -7.7003549068177801e-02   3.7631584452697714e-01  -6.8584770040985332e-01   2.9217473575110242e-01  -2.4494359550591902e-01   1.1507142067547239e-01  -2.4195167463645309e-01
  -1.2076741495938730e-01  -4.8587884069299812e-03   1.8329602140372522e-01  -7.8480163290722793e-01  -5.1357378645351970e-01  -1.0722996888498856e-01   4.5065757323233799e-02  -1.1301033284040846e-01  -2.1404967755627449e-01   2.1832429833814541e-03
  -1.5329353545049473e-01   2.0071232345099446e-01  -3.8372633858211080e-01   3.2906004416607010e-01  -6.5287934105198397e-01  -1.9811538832699055e-01  -2.5109376777219444e-01  -1.9938662984578431e-01   2.6285322156552499e-01  -2.0807011820223562e-01
   3.3196977195718164e-01   1.0651079602494470e-01  -6.0015041590048424e-01  -2.3235960674316591e-01   4.4718691995250845e-02  -2.9970082210342341e-01   1.0607568740250393e-01   2.0808906882855641e-01   1.0924918236750764e-01   5.5314661006864119e-01
  -1.2221321191688790e-01   1.1120872934044256e-01   5.4743177407864341e-01   1.3000767760590121e-01  -2.3664286922619451e-01  -1.0452496959908135e-01   1.6170910263898922e-01   3.3648256641314589e-01   5.3915106509004596e-01   3.9891536277098844e-01
   4.7479143869227097e-01  -9.5530217279318347e-02   3.1855540999585708e-02   6.7353498390209987e-02  -1.6347743997330016e-01   1.7673243684331932e-01   6.3636548132724424e-01  -4.9614953510676424e-01   2.1351077050713288e-01  -7.2279556905489109e-02
   1.0266252218840927e-01  -1.7719095494829867e-01   1.3053998354693988e-01   4.1435565613457609e-01  -2.7604530855027459e-01  -4.0133017326677894e-01   2.6555837776284597e-01   1.9455279616877702e-01  -6.4378373902651875e-01   9.6104159474167047e-02
  -1.2332777077408923e-02  -6.1189386414871517e-02   1.3654370221687103e-02  -2.6215674795487937e-01   2.0528378612657683e-01  -2.6085006841122488e-01   5.9763977706315963e-01  -2.6236478341037228e-01  -5.3711997077729312e-01   3.2015702792352302e-01
  -2.5241017960940526e-01   1.9727952941608634e-01  -3.1713859958422330e-01   1.7252678858715678e-01  -6.9006589933543205e-01   5.8997602253777995e-02  -2.7842893468849772e-02   2.0853640437876611e-01  -3.0177340156172883e-01   3.8990511322767102e-01
   5.7252904579826525e-01   4.0385384892513765e-01  -4.6357394173300856e-02   4.7142754092624467e-01  -4.4015605915160870e-02  -6.1686789388028948e-02   4.4403122080114432e-01   1.8464610346741431e-01  -3.6113261492999806e-03  -2.1841712911281333e-01
   1.5600628041015186e-02  -3.6072503205171835e-01  -2.0745656819879330e-01   7.3878936489218963e-02  -3.1628585896357048e-01  -7.6085896434137579e-01  -4.6235236740376232e-02  -1.2860098892091659e-01   5.2241176556898639e-02  -3.4754796289941625e-01
  -1.1539607806301413e-01  -6.2701907564822701e-01   8.8099838987043461e-02   5.9857805556695343e-01  -7.6560972117481170e-03   2.5235984998544647e-01   2.8263952072403326e-01  -1.2565729265200265e-01   1.5819303039407662e-01   2.0743566534919564e-01
   5.9495823160169670e-01  -2.1635337231170226e-01  -4.7203502624870608e-01  -3.3466540711690129e-01  -1.6714681839429557e-01   2.2738684535476439e-01  -1.8937519399389074e-02  -2.5472246561643413e-01   2.3979914477853112e-01   2.4901664584006897e-01
   3.9909536424639118e-02   3.0892799006978394e-01   3.2388477274955002e-01   1.1626624426884830e-01  -2.6356724602256146e-02  -3.9859955252799451e-01  -8.8069599592969602e-02  -2.4519847435744835e-01   4.6748253829876107e-01   5.8185633128564285e-01
   1.6023533090744396e-01  -3.0606681214544657e-01   9.7470449616967714e-02  -1.9799992509572470e-01   1.0194149480914029e-01  -2.0393221565243408e-01   6.6809309734032665e-02   8.2911934496902129e-01   1.0343505873700290e-01   2.7813968784749576e-01
  -4.6103170634800722e-01   1.8356118914855782e-01  -4.9571525706917752e-01  -1.1458903483760208e-01   1.6460736085089797e-01  -1.4567163249334630e-02   4.4265319241826850e-01   8.9423524188003325e-02   5.0822349381710774e-01  -7.3167424368042647e-02
   3.1530892017420528e-02   3.6692731960293254e-02  -5.1316209217981568e-01   3.7102189018255410e-01   5.5992365579397219e-01  -1.7231504782781043e-01  -3.9286732197878710e-01   2.8528130048061696e-02  -2.1825271942826793e-01   2.2509344277128712e-01
  -3.3560644285730601e-01   4.2556101397778823e-02   7.5900086004515654e-01  -3.4146307883008453e-01   3.1483844844880610e-01  -8.8845641312923815e-02  -1.8611939637412950e-01   2.0279985358113742e-01  -9.5044420186206041e-02  -3.2550042448365013e-02
   4.5325694786668919e-01  -3.4595986014486824e-01   5.1322226097283852e-01   3.0733297646324714e-01  -4.0417525091398182e-01   4.2011710242830590e-02   1.3187483790464824e-01   2.8954382867443429e-01   1.6977305107816099e-01   1.4780784513063561e-01
  -5.1080163631612996e-01  -2.5947585885406810e-01  -6.8183812581574341e-02   3.9924744799731737e-01  -6.2689641997778656e-02  -5.8925881531722846e-01   1.6358101500463296e-01   7.9031922345311631e-02  -1.9910831616442082e-01   2.8965764714561060e-01
   4.4710298321967094e-02  -1.3876470525826473e-01   9.8893569675956153e-02   9.8343958104663357e-02  -1.9127331227636565e-01   3.0961051813850926e-01  -3.0941867016418589e-01  -2.9871980146670907e-01  -7.8786929686213625e-01   1.4539002192693498e-01
   2.9024568064979406e-01  -6.9080160484208536e-02  -1.0465865637558186e-01  -1.7492436185360630e-01  -2.2306788209489758e-01  -5.8301068029469005e-01  -3.8572004942090132e-01   1.5813353608668018e-01  -1.8589922077733831e-01  -5.2098750864223042e-01
   1.0704678202796113e-01  -2.9748384180270204e-01   2.6474847915734824e-02   5.2340485492786443e-02   2.0518004056696776e-01  -1.6074384668803246e-01  -5.8912704939511451e-01  -4.5435514245928788e-01   4.1756780206485611e-01   3.1748122449270438e-01
   1.0848725386287743e-01   4.4441041519029473e-01  -1.6448318034998233e-02   6.3400777454330937e-01   3.2705293588921797e-01   6.1624563551721259e-02  -3.7430937318635948e-01   3.6803726693503469e-01  -4.5006847138770907e-02  -1.2154446424923714e-02
   1.4378319806845294e-01  -2.5956607494242390e-01  -3.4180012827841899e-01  -3.7534937886965564e-01   1.7227542269239235e-01   7.6315444744028724e-02  -1.4148340812115778e-01   5.9279664081782235e-01  -1.2824046659527250e-01   4.8048253142215858e-01
   3.2190934628818763e-01  -4.1788307686443626e-01   1.4595193718054993e-02   1.3728944102280102e-01   6.8127234497425548e-01  -5.2770786568091088e-02   3.3593459926950364e-01  -1.1525185734861075e-01  -2.1066776763208064e-01  -2.5544858323567915e-01
   4.3271103993354554e-01   5.0906507798351475e-01   1.3086782800876934e-01  -1.5760674077906126e-01   6.6114033989017440e-02  -4.1123036902803090e-01   2.3799618071614456e-01  -2.1902040446366516e-01  -1.7317039968564368e-01   4.5118293442363305e-01
   1.0312170510211478e-01   5.8207643626977201e-01  -1.3153196688900962e-01   1.3511210510405361e-01  -8.4036627980471484e-02  -4.1274566882195285e-01   4.3111370736603333e-01  -1.7785701158790333e-02  -5.0073746834920618e-01  -2.5738744918848512e-02
  -1.7006682630874437e-01  -2.1578142814402976e-01  -2.8196758380941572e-01   6.5248961496336324e-03  -1.0959222011835225e-01  -2.6212528292665133e-01   5.2549259696015294e-01   2.4121410116155878e-01   4.4346007186485148e-01   4.8297379971483118e-01
  -3.0676702327850160e-02  -2.8560321679876416e-01   2.0898479736776079e-01   6.2863572540830262e-02   5.7301686160960319e-01  -7.0125900221838122e-01  -2.0840921701575787e-01   1.1745510115850066e-02  -7.5377336824850413e-02   2.2285750424813153e-02
  -6.3074303879670202e-01   1.8162989466501539e-01   2.5825500338888902e-01   1.8848987360224384e-01  -2.5572216745733051e-01  -2.1247753222620955e-01   6.4382181522666766e-03  -4.4554342727532276e-01   3.1606098098430357e-01  -2.4075766358622355e-01
  -2.7970190396759198e-01   4.9049597079117928e-02   4.9929445247594584e-01   1.6291274701838951e-01   3.2504565263917429e-01   3.1111296841425296e-01   4.0215095082698987e-01   4.9549013341735076e-01  -6.1220414294302652e-02  -1.7348116446009701e-01
   4.7910727999712467e-03  -3.6513699120904915e-02   4.3022997185739920e-01  -7.8283144427993034e-01  -4.2033108662304204e-02  -1.9380210957707419e-02   2.4854949504207785e-01  -2.7346733898810460e-01  -1.2988698452477040e-01   2.1247742475775430e-01
  -4.7912095825121298e-01  -5.2494288500200392e-01  -2.3077090634753980e-01  -1.5185195151660828e-02  -2.3869032827720196e-01   2.7905680027201087e-02   2.2272300380943778e-02   4.3625290601365579e-02  -6.1467811085196311e-01  -5.8412947077204326e-02
   1.2735057175110628e-01  -1.8787092220295101e-01   6.7294505696597604e-02   4.4133438663883462e-01   2.7942465948243911e-01   2.9205394107131188e-01   2.7666072897929450e-01  -6.0977908967801708e-01  -1.3625274919596086e-01   3.4477761453570349e-01
   2.2185896946261000e-01  -2.7683884129862013e-01  -2.5667688573091479e-01  -1.4932491039914125e-01   1.5176461870265129e-01  -3.6143834052904507e-02   4.3379688447993475e-01  -1.9613998720772979e-01   1.7232022829705268e-01  -7.1082637275673066e-01
  -4.3406540396156534e-01   3.2988999432156968e-01  -4.8452426845426461e-01  -2.9249220577571061e-01   5.6716846586869385e-01   1.9867807911463137e-01  -7.6180439919019058e-02  -1.0175002241453279e-01   1.7945619678152325e-02   6.9373914548213761e-02
