   3.7816614356987860e-01  -7.7730033137103999e-02   4.8342938157112728e-02  -1.4577484057566659e-01  -3.9959406827765381e-01  -1.2354010748182337e-01   1.8694816157677632e-01  -7.6042856651399793e-01  -1.9671860480909839e-01   2.2892336417506095e-02
  -2.6927498591928284e-01   1.9620110577011160e-01  -4.3811507011038864e-01  -5.1965358413040719e-01  -5.4480407453709134e-02  -2.8835600808934131e-01  -1.9053071954891904e-01   7.9765386242383246e-02  -5.3049426316104376e-01  -1.2963606179146395e-01
   5.0947239888113949e-01   9.0736277264606202e-02  -1.7698371314003442e-01   3.5308574732857068e-01   4.3798430100067520e-01  -3.6513612719883326e-01  -4.5217521908462532e-01  -1.0085234303100248e-01  -8.1894994361221482e-02  -1.7238610681765820e-01
  -5.9771491301269138e-02  -8.6289930865354983e-02   7.2478864649942709e-01   1.4183681444349769e-01  -2.4115403314308229e-01  -1.3527432781071833e-01  -2.6479573411766255e-01   1.9642384729725509e-01  -4.6722427905084402e-01  -2.0023262880599874e-01
   5.5053328053774919e-01   3.4222119121373723e-01   6.0019240398846124e-02  -4.0714636225918810e-01  -2.9088663035699958e-01   2.9776735313991509e-01  -2.0514351687961202e-01   3.0726466379159267e-01   2.3607202335226432e-01  -2.1194676012366520e-01
  -3.8893906067492856e-01   1.0186577511735526e-01  -2.0263213354444859e-01   3.0670082704284440e-01  -4.3738698075033944e-01   8.0517520106968873e-02  -4.4296980890531501e-01  -2.6053135124857918e-01   3.1517048518716939e-01  -3.7683269337373893e-01
  -2.4439118434957305e-01   1.8566205635667968e-01   4.3158303381591007e-01  -4.5021871095830840e-01   4.7625985947258737e-01  -4.7475504053866184e-02  -1.6888951434351016e-01  -3.9074704067237498e-01   2.9184341077506298e-01  -1.4623568502480622e-01
  -2.6960349802521797e-02   5.3222463111384982e-02   4.0556277665104230e-02  -5.1326044159229700e-02  -1.1443774158119312e-01   7.3336860628472944e-02  -5.4421435973441545e-01  -6.9041830873753332e-02   6.6911597936455984e-03   8.2018670270604010e-01
  -2.4204961967247758e-02   2.8167949681802035e-01  -4.7581390461735505e-02   1.8103977093861842e-01   2.4558820925759192e-01   7.4779578856511408e-01  -1.9729238811016611e-02  -2.1622787339130647e-01  -4.6269241407551215e-01  -6.5507842646866446e-02
  -7.7112358867603370e-02   8.3405383239249464e-01   1.1933785084500560e-01   2.5687042391125653e-01  -1.0590339256612025e-01  -2.9662415890129062e-01   3.0129873190963113e-01   1.1818606976223407e-02   2.2544560789694034e-02   1.6599297790355549e-01
  -3.8950820180436857e-01  -1.4212465095614635e-01  -1.0753298763828983e-01  -3.1145950991294580e-01   1.6490892878370686e-01   4.9394254799942594e-01   2.6200798805700226e-01   9.4102829986171213e-02   2.8340509492138799e-01  -5.3899666307951444e-01
   5.7559540383567434e-02   6.0279017069157359e-01   3.8567145557007160e-01  -3.4685316165763269e-01   1.2974163529451790e-02  -1.9105151389011030e-01   4.2213456201341142e-02   5.5015635880981317e-01  -3.2475994476056390e-02  -1.4867288560960759e-01
   4.0449590797051915e-01   1.3543150661683157e-01  -1.2450533196023796e-01  -3.2311096466911632e-01   4.2525398060545450e-02  -3.0085474017357935e-02   3.0126727681662757e-01  -4.6453780256530186e-01  -5.2248329124342630e-01  -3.4041065983065016e-01
  -1.4056701088421134e-01  -3.4804693560776734e-01  -4.0049904839104289e-01   6.2046977011620034e-02   2.6216967649754158e-01  -5.4029098000016684e-01   7.0891376579424611e-02   4.3941539517811090e-01  -2.9503960746233471e-01  -2.2146738323725060e-01
  -3.4498363717383879e-03   5.6436554295319553e-02   2.6376160811268429e-01   1.7851194887262237e-01   8.4847238714489237e-01   9.5883766815234334e-02   2.8501124953969043e-01  -7.0320050421906755e-02  -5.2121568503062994e-02   2.7816226185272142e-01
  -3.5586029852734657e-01   4.2422995814155218e-01  -4.6978727571251255e-01   1.1419965932241283e-01  -1.6238556401264756e-01   2.9057754340366215e-01   2.7572336584668533e-01   1.3458532913180613e-01  -3.5106414474319331e-01   3.6257929448698906e-01
  -6.3937741610201704e-01   1.3522384638828364e-02   1.6268486144116132e-01  -4.1753679673580263e-01   9.6972164527600976e-02  -2.3574649756084701e-01  -3.6138517748372623e-01  -3.6053500757038182e-01  -2.2067833189960742e-01   1.2628003784357050e-01
   2.3434547698511071e-01  -3.0637995605144597e-01  -1.6205419295261969e-01  -6.6350150890634896e-01  -9.1053875100616469e-03   7.1427284240622533e-03   1.9331783842672426e-01   1.5116186024648842e-01   1.7342330844800671e-01   5.4248174251374215e-01
   1.3483594647598704e-01  -2.9413008756896192e-01   2.0350971403671050e-01  -4.2734693698246465e-02   3.4658375055776569e-02   5.1878198008454968e-01  -4.1466854240828022e-01   3.2063836957035191e-01  -5.5388596673237922e-01   1.3406241197900759e-02
  -2.3031232537238425e-01  -3.3652050238063108e-01   5.2856288163363674e-01   1.1458522597903825e-01  -3.8096350566641818e-01  -9.1156028262333516e-02   5.8017795450714305e-01   2.9814337011665387e-02  -2.1693956877826473e-01   5.6576904988567753e-02
   6.7036897761963199e-01   2.5767370686125468e-01  -2.6321413745865319e-01  -1.4322266326226940e-01  -4.6501572986418915e-01   4.0022214971855535e-01   6.2835914424185624e-02   3.0789224721232467e-02   9.3868818553117614e-02  -6.5499614228388681e-02
   1.0110197426613581e-01  -1.2774751823949920e-01   7.8496950883231831e-01  -1.9471391787765531e-02   1.0227767290625940e-01   4.8921155699350471e-01   2.7342380863031729e-01  -1.0121263696092310e-01  -3.0485900464943271e-02  -1.4553370909775529e-01
  -5.5675795116133397e-01   3.1089183553192390e-01  -2.7668283624978507e-01   2.9358261452299234e-01  -6.8381409700197460e-02   4.7717803975224432e-01   9.4919092527318699e-02  -9.5058277756416912e-02   1.0158150628253602e-01  -4.1216901322589450e-01
  -8.4900735332784846e-02  -7.2165727514068811e-01  -3.3940974418166475e-01  -1.8120650646193309e-01  -8.3495152585881138e-02   3.0478647569364165e-01   1.8376997427965797e-02  -4.3616013811964771e-01  -1.5110939874764967e-01   1.0341278048134739e-01
   1.1972543349168277e-01   1.8240113221290027e-01  -7.8522778794332615e-02   1.2204429131674070e-01   6.2288590399782753e-02  -3.4152895883831186e-01   6.8110285750902810e-01  -5.7391895846828600e-01   1.2878342305729301e-01   3.0722468004347785e-02
  -8.2962011114376205e-02  -1.4389712108307140e-01   2.2447849503363984e-01   1.8565494376007369e-01  -3.8018734788090791e-01  -8.8022535471334554e-02  -3.0893826086821363e-01  -2.3393506615348073e-01   7.5615724163801046e-01   1.1541206979816865e-01
   1.3479475335633326e-01  -3.1291414929901273e-01  -8.9618297648271714e-02   7.5468205360732032e-01  -7.4429435288439122e-02   7.2658393754805303e-02   2.8422124536636895e-01   3.9329581285416337e-01  -3.1702939916262884e-02   2.4300472460388042e-01
  -1.5825377487555323e-01  -3.1016184116583934e-01  -2.9678968763517402e-02  -3.6518754395072173e-01  -2.6289562288425722e-01  -2.1982530645733767e-01   4.3860773547324666e-01   4.5069629626014146e-01   2.4606831070678761e-01  -4.1354782924613437e-01
   2.5559432507990743e-01  -1.7888440567089023e-01   7.4902064735080501e-02   3.2815375565047711e-01  -1.3606560735144324e-01  -2.9408154405361731e-01  -2.7274726833355262e-01  -2.0779855219382759e-01  -2.8053836400323129e-01  -6.9864570086265110e-01
   3.0567475702543928e-01  -1.4053490165954924e-01  -2.2739789014145984e-01   1.1277644648417122e-02   7.2115338455154243e-01   1.2419439367407113e-01  -7.1065003473275670e-02   6.6623654022297224e-02   4.7800731607454033e-01  -2.4801110244997812e-01
   6.1864764919949677e-01   2.5555692254833962e-01   2.9613879928294518e-01  -4.8696211731913526e-02  -2.7560432835091825e-01  -1.0714226233234589e-01  -2.9393230432423817e-01  -2.8421687956983466e-01   4.2197805393443549e-01  -1.7093306776657971e-01
  -1.6081751486614174e-01   5.1108493003078648e-01   3.6071350030071236e-01  -3.1940281042686158e-01  -3.5527873997260934e-01   1.2201691853566646e-01   5.7860442905453058e-02   1.1414308923990388e-01  -2.3855820852346435e-01   5.1613944877918061e-01
  -1.5713651408496072e-02  -2.4538793502373910e-01  -2.2848707592978695e-01  -2.1349637788795550e-01  -1.2618003113347009e-01   4.0523368794136705e-01  -6.7067116085040157e-01   3.8939182577653786e-01   1.8718719127005926e-01   1.5858817299236022e-01
  -1.3398517524271530e-01   3.0299308391313096e-01  -3.7747559832452604e-01   5.8632096835608982e-01  -2.3628590432817165e-01   4.2314759624869691e-01  -1.3723292214265792e-02  -3.6714910900549552e-01   1.0368370036872951e-01   1.5284317171989167e-01
   4.6601295159524145e-02  -1.7834900388407718e-01  -2.4359017769252214e-02  -2.5429770621405973e-01  -3.1013872450623281e-01   4.2474090119650676e-01   6.3223383040849468e-01   1.5998144884472440e-01   4.0754632409501640e-01  -1.8099922323624629e-01
  -2.9995983766178425e-01   3.7643258544230601e-01  -4.4818093065901865e-01  -2.6880128284821680e-01   9.3436752978316884e-02  -4.4717518048341803e-01   1.8362334827116852e-02   5.6936985822574143e-02   5.2598585648888962e-01   7.9158968989045578e-02
  -4.9792971678465421e-02  -3.7482904472612300e-01  -1.0112677277009820e-01   2.2802947393084289e-01  -7.1740412284663357e-01  -4.9559835822113674e-01   1.5673450826635040e-02   1.0858402160161230e-01  -5.6855996451144572e-02   1.3872498967283997e-01
   6.5084490249118576e-01   5.3318375177281170e-02  -2.9448395460945587e-01   1.5558377016969782e-01   2.1166293779302750e-01  -5.6693626146737210e-02   2.4228689539427697e-01   3.3864752878641907e-01  -4.2955800145850286e-02   4.8927016977033633e-01
  -1.5360232704162563e-01   2.4889794344033050e-01   3.6281811151763615e-01   5.2381377934976314e-01   5.4258847251342737e-02  -3.1042907753609458e-02  -2.0122884615023571e-02   6.3593631116618354e-01   2.3815369992438881e-01  -2.0734871506049932e-01
   1.7718402892535937e-01   3.7770769036220592e-01  -3.9679906372262413e-01  -1.3693598265048151e-01  -2.4235612188196326e-01   1.4076218641208216e-02  -2.9283374066813927e-02   2.4503906552216692e-01  -4.6334116097113837e-01  -5.6144495669279615e-01
  -1.3117762094139207e-01   1.3889844589503778e-01   2.5927982685981560e-01  -1.3933316328041451e-01   9.3084598667896173e-03  -4.3403591477942560e-01   6.2520408377644709e-01  -5.0552956576780839e-01  -1.2567566526110852e-01  -1.6171397795940601e-01
  -4.7733627004052004e-01   4.4790519213909730e-01  -1.7100193487912085e-01   7.2517489673535676e-02   5.0972779629838372e-01   1.8797845160154214e-01   4.2829988638902673e-02  -6.7131404501982267e-02   4.8363600660457123e-01  -4.0341433419410308e-02
  -2.6431357836618458e-01  -6.0158185561151478e-01   1.2612413031385983e-01   3.0677371738280959e-02  -2.7951092298609553e-01   3.2620291675461899e-01   2.3335997435951497e-01  -2.2021335036639314e-01   4.7010806179494791e-01   2.0712826910165524e-01
   4.0760789094400773e-01  -4.4045577133166411e-02   1.1965117759569539e-01   2.0737632886201754e-01   4.1251985349183612e-01   4.9469979817296322e-01  -3.9379946324867160e-02  -5.4383469050567668e-01  -2.3858697751944935e-01   7.3913678394080987e-02
  -9.4103429921202145e-02  -4.8432514329208165e-01  -5.6473926828549792e-01  -1.6622164949870266e-01   2.7051050013654093e-01  -3.1356452337797541e-01  -2.6085350824049225e-01  -3.0665784693676884e-01  -2.4750497560651556e-02  -2.7535214936933916e-01
   4.9050196208872299e-02  -1.4956321583017132e-01  -3.1988343082645387e-01   6.4353748051728754e-01   1.9141643208856141e-01  -2.4954906116633002e-01   3.9373905472934245e-01   2.1047074279534828e-01  -1.0072971383563931e-01   3.8777466153768314e-01
  -3.0335814117057347e-01   7.5742543536519130e-02   2.8279043553457733e-01   1.8798541418129824e-01  -5.5768209509670826e-02  -3.5024093232994624e-01  -5.4353993318768878e-01  -3.2703377066549177e-01  -5.7949253032716350e-02   5.0537539808118992e-01
  -1.1125145548558310e-01  -1.1240788587984653e-01  -1.8383517792550947e-02  -6.3833791959175190e-01   3.4433323723664983e-01   8.0875259092213783e-02   1.6479963385486820e-01   1.8820465052758031e-01  -2.5242745250937748e-01   5.6193292584686794e-01
   2.9943978051476261e-01  -2.7228547330081659e-01   5.2472225434433450e-01  -4.4800283646214241e-04   4.7615511688821816e-01  -3.2043475728554804e-01  -7.2087489827502627e-02   2.5117989522800283e-01   3.8783525618939013e-01  -1.1294482302667209e-01
   5.6000718657128168e-01   2.5844839732996694e-01  -3.1050109546065680e-01  -2.1632683273203882e-01  -1.8323916805089102e-01  -1.8070776702730632e-01   2.0288110761972893e-02  -2.2777786618509999e-01   4.9408857671521783e-01   3.3725120146468379e-01
  -1.6813760653229784e-01  -8.8346610202762639e-03  -1.5810312610205243e-01   2.5498406759812786e-01   3.7153383599734646e-01   1.6841907201584849e-01   6.5286937881683682e-01   6.3924984924603134e-02   3.9831371609255578e-01   3.5532689145459251e-01
   1.1402101308550726e-01  -5.5586275844157240e-01  -9.5713848779092184e-02  -1.0113834953204602e-01   6.1434169723335819e-01   1.9494245446793476e-01  -3.5915748121800317e-01  -2.4470927325177147e-01   1.7370443582244535e-01  -1.5542669812581372e-01
   6.3334194978656477e-01   3.1934535665604807e-02  -4.7451167856544701e-01  -1.0080955358631048e-01   1.8031128923226286e-01  -1.1896163878431761e-01   3.3441402515161112e-01   1.1156417444203445e-01  -4.1467293320427279e-01  -1.4013308526891147e-01
  -5.0147582738036441e-02   1.3184465122850222e-01   2.7915067853637471e-01   4.1937807443726582e-01   3.6815427244697702e-01  -4.9770866084308046e-01  -1.4228347945740048e-02  -4.2402765166808365e-01  -3.6724184139238564e-01   1.6786659140245741e-01
  -2.1551650233755348e-01  -2.9851611190144800e-01   1.9863606897787800e-01  -5.2194462638386718e-01  -9.1343460228786894e-02   2.2777032946317782e-01   3.5274431555588565e-01  -3.2581790205554040e-01  -4.4570221834387208e-01   2.5119516643758605e-01
   1.8313817886594264e-01  -4.9813226653396364e-01   4.2488303795474502e-01   4.9883866711663294e-01  -1.4233075116331445e-01   2.1651144974453093e-01   1.4871500672236090e-01   3.6103289915078429e-01  -2.2923097623921762e-01  -1.2967668321104570e-01
  -1.5012021936331280e-01  -1.2053930826910310e-02  -5.4090808122502221e-02   1.3834832084348600e-01  -1.7383220543402231e-01   4.0045947488792661e-03   3.5991059963326355e-01  -4.6771034319702259e-01   1.3809288915694751e-01  -7.4676678137397901e-01
   1.6018334535422912e-01  -4.9234919897802115e-01   4.1520986320835382e-03  -1.5567849559224536e-01  -2.8137448433952134e-01  -6.7707977295472499e-01   1.3116452155180361e-01  -2.6349461176071343e-02   3.5822323132048461e-01   1.5443315565735277e-01
   6.4117010401897934e-01   1.9089287086875242e-01   2.7990695223643625e-01   5.1781310107237424e-02  -1.9508649085650243e-01   3.0261924326216932e-01  -7.7013513753037355e-03  -4.5454273899807923e-01   2.8076219460776636e-01   2.3727333596496047e-01
  -1.2574301735767979e-01  -2.3726561646901428e-01  -6.0123455077782195e-01   4.1399282523236408e-01  -3.7476327588572500e-01   1.5158720287852440e-01  -1.9846537266831651e-01  -2.8500268964728048e-01  -1.6411731666108356e-01   2.8990507502069512e-01
  -1.3739000194219192e-01  -4.8768803300694025e-01  -4.4265363475476610e-01   1.8806716256383946e-01  -1.2860577825030689e-01   3.7836929556556098e-01   4.4533356198233918e-02  -3.9186595637647570e-01   2.7187446877935334e-01  -3.5044575536079015e-01
   3.8768421550515475e-01   2.5000110304217715e-01   1.2584321467544821e-01   7.6227904593861873e-01   3.6086061117611729e-02   1.8814217661576418e-01  -2.8058026991696411e-01   3.1049105065594516e-02  -1.3572492288563853e-01  -2.3555098610670627e-01
   1.6758604618480166e-01   2.0726422356989113e-01  -2.9210962739266580e-03   6.3713073494767146e-03  -3.1834850482861371e-01  -5.4133530446787738e-03   1.7035833024690233e-01  -7.4587212835109262e-01  -3.3957881062699480e-01   3.5618997222154752e-01
   2.9588049542444850e-01  -5.6460468759441418e-01  -7.9455522803232384e-02  -7.4685357187417062e-02  -2.9343540025496834e-01   1.4664849501371169e-01  -9.2488698079026044e-02   3.4576316126799317e-01  -5.6665358019800938e-01   1.5802682799277665e-01
   3.4086303405122348e-01  -4.9765265528702346e-01   2.6698494925933852e-01   1.0490079169825907e-01   2.2901074835160401e-01  -4.1341935422952475e-01  -2.4896822499728877e-01  -2.4765711888371908e-01   3.6307171743772515e-01   2.7453106302539582e-01
   5.8228053436829796e-01   1.4306075191840670e-01  -4.0519926196441197e-01  -8.8547432066999610e-03   1.1010077341888803e-01   1.3276463211312339e-01   4.8611076208412307e-01   2.1183742618296286e-01   3.1754438314093347e-01   2.5388249432521492e-01
  -2.5338841240467208e-01  -1.0884064057851607e-01  -3.9173241262824314e-03   1.3246944618516054e-01   7.1705776657758225e-01   4.0269852043583071e-01   5.5753472195353142e-02  -7.7759560150861926e-02  -2.5417262720380684e-01   3.9533260119773644e-01
   2.7234924326204119e-01  -3.7815694447560541e-02   6.3254119809638787e-01  -3.6031682157062317e-01   1.3966913088497069e-03   5.4989509288151972e-01   1.2230914944388377e-01  -9.9295485215348964e-02   1.3859120819365650e-01  -2.1919415005850071e-01
   2.2390110564689286e-01   2.3155897916459367e-01  -3.6225053648606509e-01  -4.2581816159582037e-01   1.2520277717683362e-01   1.8692061493165843e-01  -7.2033601470877950e-01  -1.0806802063123480e-01   3.7578474888396829e-02   3.3351334084634671e-02
   2.6729170268248520e-01  -5.3874879492894337e-02  -1.2281271563516701e-01  -1.9535313397066370e-01   4.4753839545630952e-01  -3.3447283037046355e-01   2.1557961523256355e-01  -1.8922379987460097e-01  -3.9163002119963936e-01  -5.6972787614053888e-01
   2.8614109617197903e-01  -7.8459927706284224e-02  -3.2780255895605875e-01  -2.2033256503992202e-01  -3.1407270740391413e-01  -3.3272187791907831e-01   1.5545724629515054e-01   3.8666820517830525e-01   3.8001213608329976e-01   4.7805058568786796e-01
   7.3501185751398890e-01  -4.1243178813404106e-02   1.0525218823427197e-01  -2.1228640363745410e-01   1.3180789518866887e-01   2.5023021237091192e-01   2.0517331085741133e-01  -4.1208722872456865e-01  -2.3067494937875369e-01   2.3833095678811583e-01
   1.3452249469857788e-01  -2.2973640704171691e-01  -1.5985296699089543e-01  -6.8220575221803825e-01   1.4675570116997225e-01   9.1857319300867254e-02  -3.7291242120544499e-01   1.3308025494611653e-01   1.4174395111851665e-01  -4.8096449299809918e-01
  -1.7139620402695344e-01  -2.7643232790861727e-01   6.6024130101759915e-01  -3.2775198945794570e-01   1.0524820822566457e-01  -1.3379171215285368e-01   3.5575975388205311e-01   3.6949532929523282e-01  -2.2222966244409562e-01   9.7022347273122672e-02
   4.4657341745868845e-01  -3.8704601909605774e-01  -5.5611003118984502e-02   5.4166136364454520e-01   1.5425776333899929e-01  -4.7834119919333139e-02  -6.9956134962594493e-02   4.6932892096548962e-01  -1.7447654176733937e-01  -2.6942313246742333e-01
  -9.9419055118658395e-02   3.8606963899556024e-01  -2.7694211234251576e-01  -8.9621980591363365e-02   5.3392319379448239e-01   3.6518133587007123e-01  -1.4204786197145165e-02   4.4309378659410648e-01  -2.1143783565790847e-01   3.1091128859344525e-01
  -8.9262356296507233e-03  -1.6731105924233988e-02   3.1843414682657396e-02   6.7715652465390144e-02  -2.2086954660909863e-01   6.6933917615377336e-01   4.7976165400683690e-01   1.5217814405437044e-01   4.2937522866733013e-01  -2.4402903768756420e-01
   2.9121905733553621e-01   7.2277872101481777e-01   1.6348724078425600e-01  -7.9140605248362528e-02  -2.7182214413113204e-01  -2.1830382939616677e-01   9.1558487213876188e-02   2.2483066062435120e-01  -1.6787523669068707e-01  -3.8875873005471168e-01
   3.4712227693512676e-02   9.6279734477032544e-02  -7.4233309390151270e-02   4.5006957129777751e-02   6.2650989689010994e-01  -4.0080958723514160e-01   4.2972454013048572e-01  -1.7453594356572572e-01   4.0495352076131741e-01  -2.2296357881928427e-01
  -1.8709024712629885e-01  -1.7926574556164263e-01  -5.5403405143637507e-01  -1.3877530476359332e-01  -1.6527514055853448e-01  -9.1529626032916589e-02   4.8968894445165201e-01  -7.5253661338493164e-02  -5.3030360697524515e-01  -2.1041597033702342e-01
  -7.2306194178322292e-01   3.0462919313855852e-01  -3.2764541421550247e-01   1.6307732733251507e-01  -1.8951250161628222e-01   1.8592221611133705e-01   3.7262886261595130e-01   2.3067668454775890e-02   6.0903847428372293e-02   1.9199225755085636e-01
   2.5212128365141506e-01   4.3055597238013138e-01  -1.5742227567396994e-01   2.2252574433722866e-01  -2.3054739899755552e-02   6.2812170616473240e-01  -2.7017019231828615e-01   2.0369045494989568e-01   1.6416406416584525e-01  -3.7450895877264589e-01
  -2.5372630141815694e-01  -2.4826271444812131e-01   9.0429776993447356e-02   1.0977492741395062e-01   7.1640419209980555e-01   2.5340238367854190e-01   7.0459032135007579e-02   3.3071646985073394e-01  -3.9205610178728489e-01  -9.0922655190957963e-02
   3.8727361163069844e-02   6.6890888223945699e-01   1.7574618717947046e-01  -4.8542418243512053e-01   3.1409914640010839e-01  -2.8948353888085632e-01   2.1105040659442909e-01   2.1445820080513284e-01   7.8641370734824287e-02  -7.3209885247945986e-02
  -3.4530758568030639e-01  -2.0506382336800569e-01   2.2807614712137170e-01  -6.0339317912353918e-01  -3.2440543426340568e-01   2.6744148406875501e-01  -3.6476636579355592e-01   3.3425001774209240e-01   3.2295596948049364e-02   5.0027373714242951e-03
  -1.8291017614040098e-01   3.4090867502630512e-01   2.4422693312469568e-01   3.1329291409203042e-01   1.1034244084015991e-01  -1.5349445397362335e-01  -6.4476320217534477e-01  -5.0203166181133824e-02  -1.1910194507752553e-01   4.7367148755844840e-01
  -2.6171870692912008e-01   2.2295731213118404e-02  -3.0218717697154274e-01   1.0896482123793223e-01  -1.2676358674274080e-01  -5.1046923317290704e-01  -2.9869122622986632e-01   1.3801314792739211e-01  -2.3869473033135039e-01  -6.2123159913519443e-01
  -1.9063518241964745e-02   7.6048296803280915e-02  -4.6705583394160982e-01  -4.4201048298659967e-01   2.3546659652547669e-01   1.9164670632814276e-01  -2.2899021206239051e-01  -6.0142959443089983e-01  -2.6978470324706910e-01   3.5042563078321230e-02
   2.7431942543554083e-01  -8.6939444565765842e-02  -6.2759348767663081e-01  -8.1966617148492488e-02   3.1460970771254593e-02  -1.3867832380501921e-01  -8.9181642979090522e-02   5.4593841549968181e-01   2.1094797841619245e-02   4.3580924046244340e-01
  -2.2568724913223093e-01  -2.0159448095286658e-01  -1.1749506935062862e-01   5.0382388264914983e-05   4.0217234210795982e-01  -1.0610416630139076e-01  -2.0067044827276942e-01  -9.7749711404236203e-02   8.1487189144782401e-01  -8.8200429386156673e-02
  -4.1216957500002638e-01   8.6560254818642435e-02  -4.1263529909097879e-01   2.6672049649048241e-01  -4.6788882752379873e-01  -3.2362090499540425e-01  -3.8764246816024295e-01   2.1153954081738460e-01  -7.3742696159746851e-02   2.3898066797724510e-01
  -9.4592037137943022e-02  -2.9582470672631667e-01   2.4833388932279538e-01  -1.2338156465230579e-01   1.5657223905579679e-01   3.5379388485215552e-01  -7.9893541001047763e-01   3.4765158876992178e-02  -1.7420345706565746e-01  -8.4315652298033866e-02
  -3.7108205417122281e-01  -4.1630225778642629e-02   5.2109236567151029e-01   3.2219310116449607e-01   4.6416442803244626e-02  -4.1869032087505331e-01   1.0380051638266533e-01  -1.3714154891716547e-03  -2.6859951730881493e-01  -4.7417421454283459e-01
  -1.6655285210178314e-01   1.8012589566415318e-01  -2.4891291033611627e-02  -3.5049920224715764e-01   1.7135398692024850e-01  -1.4971167692521020e-01  -9.6361640339319252e-02   5.5845061781731919e-01   5.6848947188949372e-01  -3.4675182632956308e-01
  -2.6547562278693443e-01  -3.8087747292565505e-01  -9.8017905160767332e-02  -5.9739716275451682e-01   1.3049973854889432e-01  -4.7138906068910974e-01   1.8289041625949905e-02  -3.8835346372674184e-01  -7.4067319514962513e-03   1.6588723493794186e-01
   1.9069067721146543e-01   5.9646268290930582e-01  -4.7392917153734344e-02  -9.7058552044723152e-03   5.5330676845982807e-01  -3.3065970903727210e-01  -2.5226174651419742e-01  -2.3001653082065178e-02  -2.9466561318670492e-01   1.9761561097749406e-01
   6.3317610249578316e-01  -6.0717052344842863e-02   6.6792499461607174e-02   8.1008135168520914e-02  -3.1268842499830718e-01  -4.1092980663692236e-01  -3.3171033814333334e-01  -2.5244073929622246e-01   2.7763437668625113e-01  -2.5865348889752254e-01
   7.5783235231078758e-02   2.1398374738252662e-01  -3.2306469347576799e-01  -4.1803165538162029e-01  -2.8896080419188719e-01   1.1722748368336121e-01   4.3350540692525641e-02   4.4448990712518338e-03  -5.2662156055722043e-01  -5.4118081285517472e-01
   1.2919191452239123e-02  -3.5646557116634392e-01  -6.1112688654155400e-01   3.8122542179657692e-01   4.6882146414626441e-01  -1.0741440028169012e-02  -4.5211714875928897e-03  -7.4121502782446086e-02   3.5306496065770583e-02  -3.5677242995837710e-01
   3.7691460941720084e-01  -4.3981582700827010e-01   4.1759495807770115e-02  -5.7930149844252612e-02   2.8354532676611647e-02  -2.4108041961909327e-01   1.2439243538384370e-01   6.4929643698858064e-01  -3.5545582406638887e-01   1.9252461035744234e-01
