  -2.9886843666260255e-02   6.3466313748894707e-02   3.1450073178097410e-01   7.8328942772881854e-03  -3.5246054178318464e-01  -2.3873414198193058e-01   3.7454389518783149e-01   2.2816137642497458e-02   4.7773726288410179e-01  -5.8808818820135067e-01
   2.4623224283775233e-01  -2.7730077057883745e-01   4.2251963983706109e-01   5.2169596316837284e-02   4.0731063880019103e-01   1.6757782420846973e-01  -4.7436955466033487e-01   6.8545093630888204e-02  -8.8908944292697273e-02  -4.9961531614288468e-01
   4.1919025587376903e-02  -8.1746945762685652e-02   5.4102194664580418e-02  -3.9455183901113411e-02   1.7129631907689732e-01   5.6802916473014642e-01   6.1136593456422206e-01  -4.1302382014950384e-01  -2.5935764016743534e-01  -1.5314550194197202e-01
  -7.2840237204263047e-01  -7.5808041999219519e-02   4.2051643978998571e-01   3.3187186781771327e-01   1.7461681300588916e-01  -1.4418422648666118e-01  -5.0958215908383578e-02  -3.0484523993082208e-01   6.2435985704979904e-03   1.7281101595791176e-01
   2.6457846685157010e-01  -3.6946499832777530e-01  -1.8825789564186932e-01   3.0698757686449474e-01   1.6046557590126093e-01   1.2610847458904473e-01  -2.4427674037180998e-02  -2.7769956310926547e-01   6.9687560763692025e-01   2.4250674779624734e-01
   1.4330039787785440e-01   1.9062024897436317e-01  -1.9886405494792949e-02   3.3527445830930275e-01  -6.0381370579558913e-01   1.8437609752581074e-01  -3.9185197987630005e-01  -4.8675519416227309e-01  -1.6947950836047310e-01  -1.1196897585677161e-01
   3.3621807085247091e-01   4.2984604990182845e-01  -4.5368511251507794e-02   5.9412620512066172e-01   3.6361568942616296e-01  -3.6692462611315335e-01   2.1894707291968180e-01  -1.5807623696880130e-02  -1.7035012495773466e-01  -5.5575310763719160e-02
   5.9383752572151921e-02   6.7982404917693295e-01   2.1966040334542347e-01  -4.0953911336008814e-01   2.5469331366499665e-01   1.4526238505097372e-01  -1.7589016207054720e-01  -2.7159195619054344e-01   3.3611380498093962e-01   1.2123522469048932e-01
   3.4451277012167680e-01  -2.9416344239560116e-01   2.5073922718995290e-01  -3.5766245088786652e-01  -4.1093068857164856e-02  -5.5423411842486725e-01   7.0443544364011762e-02  -4.6088245861128829e-01  -2.0037093154131463e-01   1.9390381485405869e-01
   2.8346851622629232e-01   1.8599131062463893e-02   6.2752662174775353e-01   1.7389748215600681e-01  -2.4682435739997685e-01   2.4221739542595686e-01   1.4262959821518087e-01   3.6164805957986212e-01  -7.6064307257092192e-03   4.7380140164810902e-01
  -5.9042167514477584e-01  -1.9264820045362698e-02   3.1623188786578788e-01  -5.7449260545315087e-02  -6.4934345621590034e-02   2.1046349207879958e-01  -6.5146862956487661e-01  -1.3295747696324889e-01   1.1324425676121179e-01   2.1048375084840859e-01
  -3.0117405605242298e-01  -1.2907422692201534e-01  -6.0252037888463977e-02  -4.3965213772065087e-01   6.6640510682804521e-01  -3.7728143211511422e-01   1.9331308996120156e-01  -1.5455271128013234e-01   1.9982981826669863e-01   8.9912338558991958e-02
   1.5662255304118367e-01   2.8740986772368499e-01   9.0753561739204763e-02  -2.9880536516363065e-01   3.5439983060963618e-03   1.5534354107402307e-01   1.3836636865771892e-01  -1.8113676995646019e-01  -5.0679133373522811e-01   6.8000490848424577e-01
  -4.2617179082212231e-01   3.8046010621213805e-01  -2.6886879308278916e-01   8.9709535305363061e-02   1.1883647316320595e-01  -2.0652337715576188e-01  -9.6065503144643780e-02   3.9782384065867787e-01  -5.6089293763648107e-01  -2.3328564984367886e-01
  -1.2291068398705203e-01  -3.9043156188192013e-01   3.6719384215259737e-01   2.9393180015663345e-01  -2.4485913255367787e-02  -2.5178171198235821e-01   1.4417828043824701e-01  -4.8665840015441025e-01  -4.9955211660202586e-01  -2.0014808457967720e-01
  -2.5491060166598717e-01  -3.6962086921501908e-01   2.9594502144023216e-01  -3.5559419703078299e-02   1.1478791809099675e-01   4.9804719542852577e-01   4.2807795577502744e-01   5.0639138788807314e-01  -8.8988893111807021e-02   2.6903495967145363e-02
   3.5498277931174183e-01  -4.2400525313436083e-01   1.7385304834252874e-01  -2.8528550434098737e-01  -4.2212533080178104e-02  -3.9005924887124110e-01  -4.1743060273801080e-01   4.5368170704590421e-01  -1.9834244499398945e-01   9.6181234271328492e-02
  -1.0765672151182519e-01   3.1680925715870761e-01   4.8091566183336293e-01   3.2622950006230172e-01  -1.4041630977308464e-01  -4.8540861240270605e-01   2.4550267497597794e-01   2.5312007220078764e-01   2.7753435068805149e-01   3.0599257042648886e-01
   3.6925458621061891e-01   3.1401563849374203e-01   4.3059674051518937e-01   1.8414896467294878e-01   6.2585263475689579e-01   2.1706275636794201e-01  -2.2879974067517317e-01   1.8793644985485240e-02  -4.4253574875396225e-02  -2.2858734274462783e-01
  -2.2478217333148660e-02   2.9631674500568922e-01   3.8276280589683348e-01  -6.2983204977528373e-01  -3.3254640661903945e-01  -1.5852451803245789e-02   1.3761371823439084e-01  -6.1989770203878289e-02   3.2677387246693298e-03  -4.8462973692975042e-01
  -8.5650288914002570e-01   1.7898994305002983e-01   3.0763551616623832e-02   4.9336057107833585e-02   2.3560002155352830e-01  -1.9439714424638765e-01   1.8270127695056940e-01   4.6807263100299770e-02   2.6564416558802778e-01   1.7762274490131322e-01
   1.5169910023613026e-01   1.6207227177134309e-01  -2.4039466248221168e-02   7.5164784275941121e-01   1.3280499304156995e-01   4.1701730137299914e-01   3.8383491606420783e-01   9.9639839404223288e-02   1.8354933666749254e-01  -5.1761868680182836e-02
  -2.1872179021054333e-01  -6.5132703644386825e-01   7.9883992971276477e-02  -1.4127036010963814e-01   1.2846615170677728e-01   1.9795191164314183e-01   2.9783801134837173e-01   1.9389926904642532e-01  -8.3597064507090063e-02  -5.5911869483445475e-01
  -5.1820089876032267e-02   1.0996405286444961e-02   2.4638843590982121e-01   3.0241536437086286e-01  -5.1316922766272377e-01  -5.3373661981033760e-01   3.7006856121726245e-01  -2.0246610545741142e-01  -3.0065706844247181e-01  -1.6874854425125360e-01
  -1.5970611519718922e-01  -1.2431258103367836e-01  -2.1925111048374077e-01   2.2651904893564292e-01  -3.2431532732058055e-01   2.6335546926370555e-02  -4.5136817979987148e-01  -3.8093645201099552e-01   4.9989808449505757e-01  -3.9375183597151536e-01
  -2.2120878351053405e-01  -2.3131828020349032e-01   1.3155775039988579e-01   2.4121932671149895e-01   2.3298382794982783e-01   2.7014234218733946e-01  -2.2848221053996934e-01  -5.7445765325118148e-01  -5.1442721025727123e-01   2.1900890935822789e-01
   9.0656291508636105e-02  -2.6491428274192103e-01  -4.9107561526700913e-02  -2.9024346327386186e-01  -2.5044780619790219e-01   2.0906108698270676e-01   4.9610367909052305e-01  -4.2167891065432356e-01   3.5741378130370327e-01   4.2052564981653023e-01
   1.9910392136923410e-01  -2.2931651249954910e-01  -6.1779212250957694e-01   1.3780134094803637e-01   4.5187717255445548e-01  -5.0160556781195587e-01   1.4508994777274634e-01  -1.7369446452337467e-01  -1.0213896426582380e-03   9.6032007761376933e-03
   2.2830017386437110e-01  -3.3737080467660280e-01   6.4786520043319828e-01   1.7292577574759632e-01   2.8384517122205566e-01  -3.0851949974810855e-01  -1.7812066074174143e-01   2.7484804351290970e-02   3.8573404923854820e-01   1.6553496600093695e-01
  -1.3581004174904332e-01  -4.6021830164013500e-01  -2.4940033273101728e-01   2.8026355832155503e-01  -3.7424884202955233e-01  -8.7846721708903543e-03  -1.9697335403866284e-01   4.7480424504446278e-01  -8.5380417660338201e-02   4.6619717292927026e-01
   1.8848445144064890e-01  -3.2494714071146841e-01   2.9880190374723192e-01  -3.7495210780644006e-01   1.9835573154201053e-01  -5.2594184786313858e-01   4.7688117148646675e-01  -1.5001179530642439e-01   4.1672699058013934e-02  -2.4778151386190281e-01
  -2.7123655496987087e-01   2.7292281069518043e-01   1.4553673093221717e-01  -5.7770241980030734e-01  -1.8868292968225397e-02  -2.0284500489303772e-01  -2.2588366478140695e-01   3.0505454274732602e-01  -5.2346379160207746e-01   1.9345462280048384e-01
   1.7078437752369793e-01   5.0834588207848586e-01   3.7174624880873552e-01  -1.1616392888274153e-01   2.1608794077459997e-02  -4.0513699178087038e-02  -1.0231598741493649e-02   3.4945539337265774e-01   6.5689990274538501e-01   6.9844749919606139e-02
  -6.1889655137568089e-01   2.9551707470292754e-01  -2.2693241914132442e-01   4.4200289232025833e-03   6.0273855629970996e-01   4.2223578281650360e-03   2.3305502704044481e-01  -1.7685038733501976e-01   1.4855430802860919e-01  -8.4546878252139829e-02
  -5.6516821337669532e-01  -4.2209546392187192e-01   7.1224649238974423e-03  -1.7893897028988695e-01  -3.9081781096286183e-01   1.0072395351663468e-01  -3.3101352030329663e-02   3.1219602543795549e-01   3.2458835715918216e-01  -3.2178702544316884e-01
  -1.5346273515261563e-01  -1.0644421448862396e-01  -1.8332479585410222e-01   2.2352800616705654e-01  -6.1124192917419620e-02  -7.4022748516569314e-01  -4.0987128818914792e-01  -1.0861788953089700e-01   2.4105458395040621e-01   3.0327139627633332e-01
  -2.9427876713954559e-01  -2.1628920554376146e-01   7.7513657106369871e-01   3.6699403322269386e-01   1.5634692509863268e-01   1.0703627763764892e-01  -4.6930637173461180e-02  -7.3094320266303664e-02  -1.1908274328558111e-01   2.7105455673570217e-01
  -1.7273240746622154e-01   4.6752330559106969e-01   1.2792002783107290e-01   3.6542478054765481e-01  -4.9770606116688787e-01  -2.7945759162200573e-01   2.9563094712863919e-01  -1.0438398755343246e-01  -2.2768389372814957e-01  -3.5460565748891404e-01
   8.2213548694083968e-02  -1.3305340228009307e-01  -1.5309669566652234e-01   3.9550223724741213e-01   2.7557771964305117e-01  -1.7494479249233102e-01   2.1668457413093267e-01   7.7799028096141754e-01  -1.8796051785504458e-01  -3.9725413379677242e-02
   1.1199389466964740e-01   4.0241730245759513e-02   1.5982909647387164e-01   7.4373389210968727e-02   3.0325697329794327e-01  -4.8361692039264506e-02  -6.0124792587162690e-01  -1.6467475574628708e-02  -7.6475191031300280e-02  -7.0202484537973009e-01
  -1.4778931644890025e-01   3.5124817008649151e-01  -6.0971571621712906e-01  -2.1819567896762382e-01  -2.0595295222779472e-01   6.5066538237923202e-02   3.2974916239716029e-01  -2.7912424121571938e-01   8.2288457418661677e-03   4.4950816796183812e-01
  -6.7080990520392725e-01   1.4112698800839957e-01   1.8735226017911455e-01   1.4722548338866345e-01  -3.4127717142732755e-01  -1.9922491466537207e-01   1.0059392744719035e-02   4.1593690109805204e-01  -3.5847715202548147e-01   1.2469880520727526e-01
  -1.9239481783228589e-02   3.0990065840556885e-01  -1.3413781786430594e-02   4.7318236023287330e-01  -3.6466826891801174e-01   2.0472391304124918e-01  -1.3672028842204362e-01  -5.0819949454479174e-01  -1.6986893639888803e-01  -4.4587049990043215e-01
  -2.8269575777174143e-02  -1.7423864341162362e-01   2.8794728249265900e-01  -1.6335676507384464e-01   1.0858240532631349e-02  -3.9769457656765345e-01  -3.4564758488834091e-01  -5.9068690433872861e-01  -2.8011812086899390e-01   3.9257399924450304e-01
  -1.5013107679989110e-02   5.0518481018589120e-02   3.1989507187288529e-01  -6.6521655458501272e-01  -8.8485194181684462e-02   2.5276810937592870e-01   3.5911089281962583e-01  -1.1328209435157691e-01  -3.5315584618423662e-01  -3.3785011991636937e-01
   3.2229880320980153e-01  -3.6707800563915746e-02  -4.1652581179933673e-01  -8.8465280141492880e-02   8.5257688328220609e-03   1.5649907297105192e-01  -4.2968404739126559e-01   2.7808352673196884e-01  -6.5335398716815030e-01   7.8263398816233610e-03
   4.5202109509945598e-01   5.1106235147918211e-01   9.2185929652978199e-02   8.1572201896802518e-02   6.4061075457504890e-02  -6.2570779985018077e-01   2.7650099615819468e-01   1.2494569963327311e-01  -1.5431278116614833e-01  -8.8595696231186211e-02
  -1.4903185900717866e-01   6.7833604454420282e-01   2.0737334655961184e-01  -1.8525053137981684e-01   3.7620240857458470e-01   2.5075241185128494e-01  -4.4430514660504666e-01   4.8980183729164906e-02   1.6049006493384824e-01   1.0178430392874725e-01
  -4.0788726795664987e-01  -7.0870582231343918e-02  -2.8622458643109039e-01   1.1636756446085629e-01   7.0168774730750527e-01  -1.6567967896752470e-01   1.6779057802139458e-01  -1.8246208285453350e-01  -2.5260446537055181e-01  -2.9676397499541796e-01
  -1.7319226807825283e-01  -7.9773384444387172e-03  -3.1748895366023139e-01  -4.1865971880283820e-01  -2.4922347268457951e-01  -4.3102490224163326e-01  -3.7067108349238787e-01   2.1029226872926340e-02   3.1485838854875720e-01  -4.5716048982355040e-01
  -4.4727600059518680e-01   9.4889405898558182e-02   9.6498058355246313e-04  -3.3720085030405703e-02  -4.9923582233797015e-01   2.4463362765751628e-01   1.2134797687201217e-01  -5.0809320007598835e-01   4.4779458311300357e-01   8.5534591901268095e-02
  -2.8061913655384640e-01   3.4797334161613951e-02   8.5977029206643374e-01   7.7424319988676313e-02   2.5538251003567791e-01  -1.2088282634483892e-01  -2.3279715274908283e-01  -7.2398414632527650e-02   1.2054043691146165e-02   1.8822416532788408e-01
   1.1722482781820852e-01   1.3085259215338560e-01   3.0956174737656167e-01  -3.6053946063565556e-01  -6.1276380369108585e-01  -4.4638660673607461e-01   2.2842869241044034e-01   2.7878753199088324e-01  -8.9912023214777634e-02  -1.7490555033973906e-01
  -5.5498847772554682e-01  -3.5802772587414300e-01  -1.2405824433879183e-01  -6.1900224734912146e-01   1.2727538281611869e-01   1.6004897595389689e-01  -4.8686035894587761e-03   2.9754575987240783e-01  -1.5212433053283697e-01   1.0833288813497920e-01
  -4.0865757296908889e-02   2.4293484421065295e-01  -4.5139623398327278e-02   8.7167224155158346e-02  -2.5422930958537798e-02   4.5744496540358797e-03   4.7108735110408551e-01  -1.0147553788431034e-01  -4.8856160546556537e-01   6.7682839056811039e-01
   4.2605983669040684e-02  -1.6861674694937398e-01  -1.8689936566756729e-01  -2.1574017302394088e-01   3.1910811593476873e-01  -6.9547011357881838e-01   1.5813388307185047e-01  -2.9393512738432048e-01   3.8058370319134044e-01   2.1568755157180719e-01
  -5.5776479504412990e-01   5.3192649021995142e-01  -2.8751083416491718e-01   2.1346466516364374e-01   6.7126254515538650e-02  -3.7285486071452129e-01  -2.0056174323954076e-01   9.0920991041626945e-02  -1.7182136813205989e-01  -2.3702762742402300e-01
   2.0084653297117649e-01   4.4620771728610337e-01  -1.0432930984165971e-01  -2.4681387458289550e-01  -5.5656087766999263e-02   9.8862611361490410e-02  -4.3909896110877800e-01   3.2579078214974211e-01   3.6615910874214125e-01   4.9281457904875225e-01
  -7.6096434414254191e-02   2.9746485546919177e-01   1.2236071336700186e-01   2.9280985523923029e-02   3.4207171280868015e-01   1.9727538078918183e-01   6.3132416559571325e-01   3.6320220256866476e-01   4.1242232283233438e-01  -1.8271733684997080e-01
   1.9679015507548986e-01   4.3185355009477094e-01   6.3929671888845449e-02  -5.6412088274101724e-01   2.5840270731711062e-01   1.7103598953619828e-01  -1.8548677981898624e-02  -4.7678774962010023e-01  -2.2557722004837266e-01  -2.7906237677395240e-01
  -3.9846477954690968e-01   6.3588117272595457e-01  -5.5986926896673728e-02  -2.0330807056066488e-01   1.0788036724579217e-01   1.9595461459834146e-01   5.7554035180409045e-03  -7.6723757424643671e-02  -3.1723143227026990e-02   5.7918032082951376e-01
   1.2261213342017448e-01   4.1269564082149990e-01   1.6434792970610462e-01  -2.2324642942369122e-01  -2.3408336713424088e-01   2.0238445323960283e-01  -9.8790121038495146e-02  -5.7610042274488604e-01  -1.0797140732709315e-01  -5.3734147704430002e-01
   6.5845596150364324e-02  -1.4778187023703038e-01   7.8709641519869278e-01   3.3293237071151664e-02  -6.2892575024906788e-03  -2.8443872655077179e-01   2.0524450342208930e-01  -3.3208817555657566e-01  -1.7021172834563770e-02   3.4576457752008771e-01
  -5.5836221714621581e-01   2.3986025325055035e-01   2.0793043329177083e-01   4.7510212139474034e-01  -9.9120701367646141e-02  -8.6580866230439341e-02   3.1244455265878929e-01   1.8627463678103381e-01   2.6483654296590631e-01  -3.7677872738577350e-01
   1.3217974870036298e-01  -9.0013436942863914e-02  -4.3093879379948734e-02   5.0279888609682610e-01   1.9251194912132627e-01   4.2599272019859730e-01  -2.6610444995099264e-01  -3.7481793743186315e-01   5.1312317677270980e-01   1.6320596079987815e-01
  -1.1866235248154978e-01  -2.5278649623629024e-01  -1.1322394660146770e-01  -5.0290965203131488e-01  -3.8093206222692017e-01   1.1115802223691780e-01   3.3260043006771028e-01  -7.9638404640984845e-02   6.1486344676484195e-01   6.1585156906917973e-02
  -3.3928783591222283e-01  -1.0396520621633344e-01   1.4636751651512922e-01  -3.7172107268231275e-01   5.6057271032008982e-01  -2.6243449444753675e-01  -4.4809256276007042e-01  -3.4249800581521758e-02   2.7107156595030640e-01  -2.3647743992279244e-01
   1.0048679607968589e-01  -7.7309581046026074e-02   1.3094940124887719e-01  -1.5117160600674728e-01   5.8074397936214972e-01   5.0282444410893645e-01   5.5340698899433782e-01   8.3558309318063212e-02  -1.1499872139115709e-01  -1.6541780054670285e-01
  -5.9044842990617519e-01  -5.0644201950890788e-01  -2.7289259451410662e-02   3.2970416449073142e-02  -1.6136106927898741e-01   3.2282499365094453e-01  -1.1641804995879643e-01  -2.5160854168352853e-01  -4.3055158349351297e-01   2.3818534739887529e-02
  -6.8502964198480898e-02  -2.6316038842454301e-02  -5.0309715396409505e-01   1.1897519968452107e-01   2.5296150103851783e-01  -4.6097127999533200e-01   3.8526154188368145e-01  -5.4676165872241800e-01  -5.8958324457409013e-02   4.2511662424167054e-03
  -1.8730160189090006e-01   2.8129588948165429e-01  -7.6360724782333869e-02  -4.2982537210079985e-01  -4.2840816560018335e-01  -3.0398735633717505e-01   6.1920885895307372e-02   4.1571311857829429e-01   4.8886033968840309e-01  -6.0266306878410558e-02
  -4.6263156523086030e-01   2.1140286620058227e-01  -1.0442624946134207e-01   1.8340899104196490e-01   4.4206334880386883e-01  -1.8615881179175089e-01   6.4915333370514483e-01  -3.4248718000563158e-02   8.8089379006110996e-02   1.9060244447633820e-01
  -1.0470432222564435e-01   3.2875967933173922e-01   4.8272995597030111e-01   2.0306402918468075e-01   1.7956428280075390e-01  -3.7150484791150618e-01  -3.2878855106439492e-01   4.3425458032803937e-01  -3.7162807319377461e-01   4.0562390228278733e-02
   1.4385283069722332e-01   5.3137130400812971e-01  -1.5968171036664910e-01  -8.8886753415628364e-02  -3.4852682919151906e-01  -2.8014726171342985e-01   1.3874358728471844e-01  -5.0245244361429564e-01  -4.3235357563977650e-01  -7.0430834382181118e-02
  -2.1219040000682584e-02   5.2400609566550882e-01  -3.8183222061536093e-01  -2.0552481932110750e-01   3.2711980598138762e-01   5.5492261938021192e-01  -1.8351532663718556e-01   2.3579988272273980e-01  -1.1294676510104114e-01  -1.4123793921999681e-01
   1.7941093698753022e-01   2.3905998023609588e-02  -5.7413422974400397e-01   2.7880607568726051e-01   4.8797402842551595e-02  -3.0272286659366321e-01  -3.5305652122226122e-01   5.0497841856415544e-02   1.3647965139254617e-01   5.6571134194663764e-01
   7.0578627809218675e-01  -1.6938587744717723e-02  -1.3269397593759732e-01   1.0142620562360004e-01   2.2039210933197606e-01  -2.4373134485387332e-01   3.5927309391917606e-01   3.1600183748602478e-01   3.0529153435359870e-02  -3.6856458135082232e-01
   1.1790877311840681e-01   4.1694728597078667e-01   2.4515086478261017e-01   5.9612786850976984e-01  -1.4284837449263052e-01   2.1594156818217605e-01  -6.6173246765497434e-02  -1.8329025716953187e-01   5.2575726754574759e-01  -1.2391028820702653e-01
   3.1071769111193442e-01   1.6506053362758677e-01   3.5069453155164243e-01  -4.9667493315016081e-01   4.4312239331860037e-01  -1.0709534494943758e-01  -1.1108388552293466e-01  -3.3684136088100408e-01   2.9990416846964135e-01   2.8803781406258427e-01
   2.7930762275325843e-01   9.5980422037863208e-02   2.2049600549586734e-01  -1.2667178212462240e-02  -3.0431530945137059e-01   3.7329995179555064e-01   3.7853875943269760e-01   2.8267990896979422e-01  -1.7187169513535519e-01   6.1587011627460519e-01
  -1.8807905707852526e-01   2.9965400800851044e-01   3.2090589914055417e-02  -1.0536770659900249e-01   2.5794102888797321e-01   6.5603177402880009e-01  -1.1188329890497335e-01   4.1011742856015145e-02  -2.1514357513383597e-01  -5.5254296462033725e-01
   1.5527588585365221e-01   4.2737926989960356e-01   1.0694171173431332e-02   1.2161550288335644e-01   4.0013508278792194e-02   9.9426089121373407e-02   4.6478045581522121e-01  -6.8786813116636281e-01  -1.7569197769931719e-01   2.1631903762968446e-01
  -2.9907123546179259e-01  -7.0356072988136242e-01   2.5683215339211724e-01  -2.2026691312358643e-01   1.9705673693861100e-01   1.8061373420865073e-01   3.7187388042957470e-01  -1.6150377938045002e-01  -2.3926238380512713e-01   8.9474057097143456e-02
  -5.5220031349135434e-01  -1.0259838862140093e-01  -1.4130532510141658e-01   2.2164507738215519e-01  -5.9948046134035915e-01   1.5954988487447788e-01  -2.9036539638658176e-01  -3.7694387443231597e-01   6.4913268887574455e-02  -3.0297758691579021e-03
  -4.0844950694699556e-01   3.6651383060770359e-01   1.3228868950782155e-01  -3.1803939855197028e-01   1.0804897298273698e-03  -2.1657778687967144e-01  -1.7013765796274033e-01   2.0287131519211929e-01  -5.4291126805417833e-01   4.1039482507978187e-01
   4.1316150780047134e-01  -1.2817600390474371e-01  -2.1788636748999382e-01  -6.4597182882123039e-01  -1.3693429313004790e-01   2.8565929009911922e-01  -3.6604751046483325e-01  -2.4830111531048846e-01   8.1188408702646368e-03   2.2814915672088573e-01
  -8.8821041031463904e-02   2.3644232737187895e-01   6.0884232830470686e-01  -3.7094401667457688e-01  -3.3139689641513576e-01   8.3879183510157704e-02   2.3472620382570392e-01   8.7059848518122138e-02   4.9773038455811375e-01  -2.5425187829818410e-02
   4.5324108213167860e-02  -2.2731495348310642e-02  -9.3046484379995006e-02  -3.4371664482437625e-01  -2.4929121078494726e-01  -5.1997349409259808e-01   1.3702612795954197e-01  -1.9704805525436181e-01  -2.6469251677428790e-01  -6.4066017322462154e-01
   1.4221237065240322e-01  -6.9890159359955384e-03  -3.3243443532908279e-01   1.7843836209941566e-02  -5.1512479363940289e-01   3.0005142243506094e-01   4.8742838881070394e-01   4.5568448111344578e-01  -2.5071415794476937e-01   7.3613588004470612e-02
  -4.2242826103991316e-01   1.2164821315720048e-01  -5.9840774521276596e-01  -3.1933618951055248e-01   2.7853443562038116e-01  -7.5585062269405937e-02   2.7287803439393155e-01   1.0927114167431456e-02   4.3117460102497746e-01   5.3858625458757539e-02
   6.8994594621882022e-01  -3.2090232309531636e-01   1.1935734581767572e-03   2.5597441642509250e-01  -7.8005084617359527e-02   2.6812977477342076e-01  -1.5048004659537148e-01   2.6004635126877434e-02   4.3829456463759126e-01  -2.4914048976027320e-01
  -1.4178063975194796e-01   1.7726783939508270e-01   3.7036102251129449e-01   2.6283636914892800e-01  -4.3389021464636218e-02   2.9037780110156541e-01  -7.6460675175566739e-01   1.2601132414302926e-01  -2.3127906377191298e-01   4.5054420722485625e-02
   1.6528175731598238e-01  -1.5952556117070826e-01   6.6932796259264155e-02   1.9853215476810834e-01   2.2708714819328321e-01  -2.6068923778762859e-01  -7.7807854892015360e-02  -7.0408614394174651e-01  -4.4387403844066531e-01  -2.9153995676691746e-01
  -1.3882100380952892e-02  -3.8344514654733852e-01   3.0196627340993804e-01  -1.5681027022529359e-01  -5.3445256142485931e-01   2.8572710427737091e-01   2.9618804621659950e-01   1.3928165007542551e-01  -4.6590766772493408e-01  -2.1337245746942801e-01
   3.4714556257487778e-01  -5.6011807342709136e-02   5.7589664879311075e-01  -4.0323400446808128e-01   5.8354879006711137e-02  -1.4023789413634050e-01  -1.0697984271891847e-02  -1.7402916578402969e-01   7.2526953093573071e-02   5.6865218559378206e-01
   1.2132102459773289e-01   9.3387760285592418e-03  -4.9663469452137149e-01   1.5549484939667546e-01  -5.4572977100916609e-01   6.8347276251510269e-02  -1.2800631791029593e-01  -3.0126005354059887e-01  -1.3424381035409361e-01   5.3545528031968614e-01
   2.6708441435597963e-02   1.3394664322063088e-01  -2.1636395844888973e-01  -4.4999781100444725e-01   3.1424673411074378e-01   7.3892902936950888e-01   3.7491399732995983e-03  -2.8389759640903139e-01  -7.5757669577463785e-02  -3.0254212270973375e-02
  -3.1509261360566609e-01  -7.3495169799804461e-01  -2.0702543182438968e-01  -3.2336259789935229e-01   9.4065950933845774e-02  -1.3184582018588742e-01  -4.1213108395530434e-01   1.2198733142464944e-02   1.2426182514025771e-01   3.8290772431763542e-02
   1.1116644417796299e-01   3.6238291336515804e-01  -5.0467446979651824e-02  -5.2556752785781913e-01  -4.3054501434255643e-01  -2.6994337193648910e-01  -3.0757993340182005e-01  -1.2091065148055637e-01   1.3927142122067501e-01  -4.3668374480530042e-01
   4.7830802057511485e-01   2.1854387474166615e-02  -3.1087752227965343e-01  -1.7700487944572132e-01   2.4623116990514574e-01  -1.8325236088425706e-01  -1.3408685097797279e-01   5.0189482824574549e-01  -5.2579029890647944e-01   4.7158292416246334e-02
