   1.3159866324356329e+01   6.5182939399055471e+00   5.9190565177281172e+01  -3.7635355763899199e+01
   8.1193991058891761e+00   2.4101722772295147e+01   5.8274104400536999e+01  -4.4216963875678381e+01
  -1.7707616091925267e+01   2.5387527133857184e+01   8.0611022875733028e+01  -2.8741986345672196e+01
  -3.1514761679931063e+00  -2.5678543047929079e+00   7.6310589338460744e+01  -2.2378608575361042e+01
   2.1210517899473047e+01   6.3457810572555857e+00   7.4584885281036463e+01  -4.6405355880262150e+01
   1.6170050681005890e+01   2.3929209889645186e+01   7.3668424504292290e+01  -5.2986963992041339e+01
  -9.6569645168085501e+00   2.5215014251207226e+01   9.6005342979488319e+01  -3.7511986462035146e+01
   4.8991754071236109e+00  -2.7403671874428710e+00   9.1704909442216035e+01  -3.1148608691724000e+01
   1.2718528879648368e+00  -9.7263288976519284e+00   7.1308583371223506e+01  -7.3617552196584683e+01
  -3.7686143305023201e+00   7.8570999347376738e+00   7.0392122594479332e+01  -8.0199160308363872e+01
  -2.9595629528316763e+01   9.1429042962997116e+00   9.2729041069675361e+01  -6.4724182778357687e+01
  -1.5039489604384599e+01  -1.8812477142350382e+01   8.8428607532403078e+01  -5.8360805008046533e+01
  -6.2524043793532051e+00  -5.3249974814869230e+00   4.7964859170862631e+01  -5.2846051506468996e+01
  -1.1292871597820362e+01   1.2258431350902677e+01   4.7048398394118450e+01  -5.9427659618248185e+01
  -3.7119886795634805e+01   1.3544235712464715e+01   6.9385316869314480e+01  -4.3952682088241993e+01
  -2.2563746871702641e+01  -1.4411145726185381e+01   6.5084883332042196e+01  -3.7589304317930846e+01