  -7.0460981187257730e+01   2.9115504663850103e+01  -7.3211017999881335e+01  -6.8568725663897226e+01   3.4639747942853916e+00  -6.4523195875061276e+01   5.0903768617539953e+01   5.0807534732685809e+01   3.5590334778694768e+01  -5.6021529203525304e+01
  -6.9363672546728026e+01   2.9412427234395693e+01  -7.1143506525629547e+01  -6.6843742718252415e+01   1.5737491021850323e+00  -6.4723052595225042e+01   5.1116688911223214e+01   5.2030418224602982e+01   3.6882059419693086e+01  -5.5284855649301761e+01
  -7.2519702084757739e+01   2.8818957467649312e+01  -7.3227707264549167e+01  -6.8253709518831286e+01   3.9938851362664751e+00  -6.4558824453379387e+01   4.8665221117376113e+01   5.0522337713595988e+01   3.7610832183772061e+01  -5.4598633387531805e+01
  -7.1422393444228035e+01   2.9115880038194902e+01  -7.1160195790297379e+01  -6.6528726573186475e+01   2.1036594441661158e+00  -6.4758681173543152e+01   4.8878141411059374e+01   5.1745221205513161e+01   3.8902556824770372e+01  -5.3861959833308262e+01
  -7.0360207409699839e+01   2.8070592355656267e+01  -7.2783530819391771e+01  -7.1253956094257717e+01   3.6549426687006754e+00  -6.3940766255065377e+01   5.2462441729084908e+01   5.1934059705708300e+01   3.7202208835954082e+01  -5.5161425506837880e+01
  -6.9262898769170135e+01   2.8367514926201856e+01  -7.0716019345139969e+01  -6.9528973148612906e+01   1.7647169766003159e+00  -6.4140622975229149e+01   5.2675362022768176e+01   5.3156943197625473e+01   3.8493933476952400e+01  -5.4424751952614336e+01
  -7.2418928307199849e+01   2.7774045159455476e+01  -7.2800220084059603e+01  -7.0938939949191777e+01   4.1848530106817581e+00  -6.3976394833383488e+01   5.0223894228921068e+01   5.1648862686618479e+01   3.9222706241031375e+01  -5.3738529690844381e+01
  -6.7880304571588326e+01   2.9738309728530329e+01  -7.5005482729345758e+01  -6.8728090989980132e+01   3.9096968644863326e+00  -6.4425336213753894e+01   4.9813802344950084e+01   5.1228172387665303e+01   3.5642718600491143e+01  -5.4012025685199220e+01
  -6.6782995931058622e+01   3.0035232299075918e+01  -7.2937971255093970e+01  -6.7003108044335320e+01   2.0194711723859733e+00  -6.4625192933917660e+01   5.0026722638633345e+01   5.2451055879582469e+01   3.6934443241489461e+01  -5.3275352130975676e+01
  -6.9939025469088335e+01   2.9441762532329538e+01  -7.5022171994013590e+01  -6.8413074844914192e+01   4.4396072064674161e+00  -6.4460964792072005e+01   4.7575254844786244e+01   5.0942975368575482e+01   3.7663216005568437e+01  -5.2589129869205728e+01
  -6.7779530794030421e+01   2.8693397420336492e+01  -7.4577995548856180e+01  -7.1413321420340637e+01   4.1006647389016164e+00  -6.3842906593757988e+01   5.1372475456495039e+01   5.2354697360687794e+01   3.7254592657750457e+01  -5.3151921988511795e+01
  -7.0710711558777760e+01   3.2199917419761277e+01  -7.3387098606980217e+01  -6.9052878807938839e+01   4.3539448421983504e+00  -6.4995436674738471e+01   5.0848714241191693e+01   5.2203513577381138e+01   3.6712277042876067e+01  -5.7378127221812605e+01
  -6.9613402918248056e+01   3.2496839990306867e+01  -7.1319587132728429e+01  -6.7327895862294028e+01   2.4637191500979911e+00  -6.5195293394902251e+01   5.1061634534874962e+01   5.3426397069298311e+01   3.8004001683874378e+01  -5.6641453667589055e+01
  -7.2769432456277769e+01   3.1903370223560483e+01  -7.3403787871648049e+01  -6.8737862662872899e+01   4.8838551841794331e+00  -6.5031065253056582e+01   4.8610166741027854e+01   5.1918316558291316e+01   3.8732774447953354e+01  -5.5955231405819106e+01
  -7.0609937781219870e+01   3.1155005111567437e+01  -7.2959611426490653e+01  -7.1738109238299344e+01   4.5449127166136343e+00  -6.4413007054742579e+01   5.2407387352736656e+01   5.3330038550403629e+01   3.8324151100135381e+01  -5.6518023525125173e+01
  -6.8130034943108356e+01   3.2822722484441499e+01  -7.5181563336444640e+01  -6.9212244134021759e+01   4.7996669123992914e+00  -6.4897577013431089e+01   4.9758747968601824e+01   5.2624151232360632e+01   3.6764660864672443e+01  -5.5368623703486520e+01
  -7.1252248336863687e+01   3.1166277969099433e+01  -7.1968614681903176e+01  -6.9137451946882706e+01   3.2914093635487811e+00  -6.3183641178550822e+01   5.1527074062150604e+01   4.9651560149468445e+01   3.4350472289612362e+01  -5.3991181302311922e+01
  -7.0154939696333983e+01   3.1463200539645023e+01  -6.9901103207651389e+01  -6.7412469001237895e+01   1.4011836714484218e+00  -6.3383497898714594e+01   5.1739994355833872e+01   5.0874443641385618e+01   3.5642196930610680e+01  -5.3254507748088379e+01
  -7.3310969234363711e+01   3.0869730772898642e+01  -7.1985303946571008e+01  -6.8822435801816766e+01   3.8213197055298642e+00  -6.3219269756868933e+01   4.9288526561986764e+01   4.9366363130378623e+01   3.6370969694689649e+01  -5.2568285486318430e+01
  -7.1151474559305797e+01   3.0121365660905596e+01  -7.1541127501413612e+01  -7.1822682377243211e+01   3.4823772379640645e+00  -6.2601211558554922e+01   5.3085747173695566e+01   5.0778085122490936e+01   3.5962346346871676e+01  -5.3131077605624498e+01
  -6.8671571721194283e+01   3.1789083033779658e+01  -7.3763079411367599e+01  -6.9296817272965612e+01   3.7371314337497221e+00  -6.3085781517243433e+01   5.0437107789560734e+01   5.0072197804447939e+01   3.4402856111408738e+01  -5.1981677783985845e+01
  -7.1501978708383717e+01   3.4250690725010607e+01  -7.2144695289002058e+01  -6.9621605090924319e+01   4.1813794114617400e+00  -6.3655881978228017e+01   5.1472019685802351e+01   5.1047538994163773e+01   3.5472414553793655e+01  -5.5347779320599223e+01
  -7.0091091094285787e+01   2.9216402846673372e+01  -7.3166141498682677e+01  -6.9904219097035593e+01   1.5149308268590671e+00  -6.2427647273639685e+01   4.8906609457711525e+01   5.0863751473580372e+01   3.5473332063661630e+01  -5.7355391201881645e+01
  -6.8993782453756083e+01   2.9513325417218962e+01  -7.1098630024430889e+01  -6.8179236151390782e+01  -3.7529486524129174e-01  -6.2627503993803458e+01   4.9119529751394786e+01   5.2086634965497545e+01   3.6765056704659948e+01  -5.6618717647658102e+01
  -7.2149811991785811e+01   2.8919855650472581e+01  -7.3182830763350509e+01  -6.9589202951969654e+01   2.0448411688401507e+00  -6.2463275851957796e+01   4.6668061957547685e+01   5.0578554454490551e+01   3.7493829468738923e+01  -5.5932495385888146e+01
  -6.9990317316727896e+01   2.8171490538479535e+01  -7.2738654318193113e+01  -7.2589449527396098e+01   1.7058987012743509e+00  -6.1845217653643786e+01   5.0465282569256480e+01   5.1990276446602863e+01   3.7085206120920944e+01  -5.6495287505194220e+01
  -6.7510414478616383e+01   2.9839207911353597e+01  -7.4960606228147100e+01  -7.0063584423118513e+01   1.9606528970600081e+00  -6.2329787612332296e+01   4.7816643185121649e+01   5.1284389128559866e+01   3.5525715885458013e+01  -5.5345887683555560e+01
  -7.0340821465805817e+01   3.2300815602584542e+01  -7.3342222105781559e+01  -7.0388372241077221e+01   2.4049008747720260e+00  -6.2899888073316887e+01   4.8851555081363266e+01   5.2259730318275700e+01   3.6595274327842930e+01  -5.8711989220168945e+01
  -7.0882358243891758e+01   3.1267176151922701e+01  -7.1923738180704518e+01  -7.0472945380021088e+01   1.3423653961224566e+00  -6.1088092577129231e+01   4.9529914902322176e+01   4.9707776890363007e+01   3.4233469574579225e+01  -5.5325043300668263e+01
  -7.0221864387947491e+01   2.8673995432024189e+01  -7.3053765479908620e+01  -6.6994662039062916e+01   5.3965566482158511e+00  -6.1609999052029224e+01   5.1318872174036251e+01   5.1507568158877355e+01   3.5913733932282540e+01  -5.6426855664082524e+01
  -6.9124555747417787e+01   2.8970918002569778e+01  -7.0986254005656832e+01  -6.5269679093418105e+01   3.5063309561154918e+00  -6.1809855772192989e+01   5.1531792467719512e+01   5.2730451650794528e+01   3.7205458573280850e+01  -5.5690182109858981e+01
  -7.2280585285447501e+01   2.8377448235823397e+01  -7.3070454744576452e+01  -6.6679645893996977e+01   5.9264669901969338e+00  -6.1645627630347335e+01   4.9080324673872404e+01   5.1222371139787533e+01   3.7934231337359826e+01  -5.5003959848089025e+01
  -7.0121090610389601e+01   2.7629083123830352e+01  -7.2626278299419056e+01  -6.9679892469423422e+01   5.5875245226311350e+00  -6.1027569432033317e+01   5.2877545285581206e+01   5.2634093131899853e+01   3.7525607989541854e+01  -5.5566751967395099e+01
  -6.7641187772278087e+01   2.9296800496704414e+01  -7.4848230209373042e+01  -6.7154027365145822e+01   5.8422787184167912e+00  -6.1512139390721835e+01   5.0228905901446375e+01   5.1928205813856849e+01   3.5966117754078915e+01  -5.4417352145756439e+01
  -7.0471594759467521e+01   3.1758408187935359e+01  -7.3229846087007516e+01  -6.7478815183104530e+01   6.2865266961288100e+00  -6.2082239851706419e+01   5.1263817797687992e+01   5.2903547003572683e+01   3.7035676196463832e+01  -5.7783453682369824e+01
  -7.1013131537553448e+01   3.0724768737273518e+01  -7.1811362161930475e+01  -6.7563388322048397e+01   5.2239912174792398e+00  -6.0270444355518762e+01   5.1942177618646902e+01   5.0351593575659990e+01   3.4673871443200127e+01  -5.4396507762869142e+01
  -6.9851974294975548e+01   2.8774893614847457e+01  -7.3008888978709962e+01  -6.8330155472201284e+01   3.4475126807895267e+00  -5.9514450450607633e+01   4.9321713014207823e+01   5.1563784899771917e+01   3.5796731217249402e+01  -5.7760717662438864e+01
  -7.0709893807890580e+01   2.9679213945801717e+01  -7.5245709942993230e+01  -6.7838228644177534e+01   2.0193782829102700e+00  -6.3795727490797745e+01   5.2491981531738496e+01   4.9177856485235800e+01   3.7331062287129853e+01  -5.6193397388789187e+01
  -6.9612585167360876e+01   2.9976136516347307e+01  -7.3178198468741442e+01  -6.6113245698532722e+01   1.2915259080991071e-01  -6.3995584210961518e+01   5.2704901825421764e+01   5.0400739977152973e+01   3.8622786928128171e+01  -5.5456723834565643e+01
  -7.2768614705390604e+01   2.9382666749600926e+01  -7.5262399207661062e+01  -6.7523212499111594e+01   2.5492886248913531e+00  -6.3831356069115856e+01   5.0253434031574656e+01   4.8892659466145979e+01   3.9351559692207140e+01  -5.4770501572795695e+01
  -7.0609120030332690e+01   2.8634301637607880e+01  -7.4818222762503666e+01  -7.0523459074538025e+01   2.2103461573255538e+00  -6.3213297870801846e+01   5.4050654643283458e+01   5.0304381458258291e+01   3.8942936344389167e+01  -5.5333293692101762e+01
  -6.8129217192221176e+01   3.0302019010481942e+01  -7.7040174672457653e+01  -6.7997593970260439e+01   2.4651003531112110e+00  -6.3697867829490356e+01   5.1402015259148627e+01   4.9598494140215294e+01   3.7383446108926229e+01  -5.4183893870463109e+01
  -7.0959624179410611e+01   3.2763626701712887e+01  -7.5421790550092112e+01  -6.8322381788219147e+01   2.9093483308232289e+00  -6.4267968290474940e+01   5.2436927155390244e+01   5.0573835329931129e+01   3.8453004551311146e+01  -5.7549995407076487e+01
  -7.1501160957496552e+01   3.1729987251051046e+01  -7.4003306625015085e+01  -6.8406954927163014e+01   1.8468128521736593e+00  -6.2456172794287291e+01   5.3115286976349154e+01   4.8021881902018436e+01   3.6091199798047448e+01  -5.4163049487575812e+01
  -7.0340003714918652e+01   2.9780112128624985e+01  -7.5200833441794572e+01  -6.9173722077315901e+01   7.0334315483945531e-02  -6.1700178889376161e+01   5.0494822371910068e+01   4.9234073226130363e+01   3.7214059572096716e+01  -5.7527259387145534e+01
  -7.0470777008580342e+01   2.9237704713975802e+01  -7.5088457423020529e+01  -6.6264165019343224e+01   3.9519601368407291e+00  -6.0882530667765693e+01   5.2907085088234794e+01   4.9877889911427346e+01   3.7654461440717618e+01  -5.6598723849346406e+01
  -7.2149308006005455e+01   2.9018802910370731e+01  -7.4788458786099866e+01  -6.8074787710662861e+01   2.2908976759272695e+00  -6.4218805333679597e+01   5.1301888774333712e+01   5.3347311524459705e+01   3.4321056296964606e+01  -5.5230046704956912e+01
  -7.1051999365475751e+01   2.9315725480916321e+01  -7.2720947311848079e+01  -6.6349804765018050e+01   4.0067198382691016e-01  -6.4418662053843363e+01   5.1514809068016973e+01   5.4570195016376871e+01   3.5612780937962924e+01  -5.4493373150733369e+01
  -7.4208028903505479e+01   2.8722255714169940e+01  -7.4805148050767698e+01  -6.7759771565596921e+01   2.8208080179083526e+00  -6.4254433911997708e+01   4.9063341274169865e+01   5.3062114505369884e+01   3.6341553702041899e+01  -5.3807150888963420e+01
  -7.2048534228447565e+01   2.7973890602176894e+01  -7.4360971605610303e+01  -7.0760018141023366e+01   2.4818655503425533e+00  -6.3636375713683698e+01   5.2860561885878667e+01   5.4473836497482196e+01   3.5932930354223920e+01  -5.4369943008269487e+01
  -6.9568631390336051e+01   2.9641607975050956e+01  -7.6582923515564289e+01  -6.8234153036745781e+01   2.7366197461282105e+00  -6.4120945672372216e+01   5.0211922501743835e+01   5.3767949179439192e+01   3.4373440118760989e+01  -5.3220543186630834e+01
  -7.2399038377525486e+01   3.2103215666281898e+01  -7.4964539393198748e+01  -6.8558940854704488e+01   3.1808677238402283e+00  -6.4691046133356792e+01   5.1246834397985452e+01   5.4743290369155034e+01   3.5442998561145906e+01  -5.6586644723244213e+01
  -7.2940575155611427e+01   3.1069576215620060e+01  -7.3546055468121722e+01  -6.8643513993648341e+01   2.1183322451906590e+00  -6.2879250637169143e+01   5.1925194218944362e+01   5.2191336941242341e+01   3.3081193807882201e+01  -5.3199698803743530e+01
  -7.1779417913033512e+01   2.9119701093193996e+01  -7.4743582284901208e+01  -6.9410281143801242e+01   3.4185370850094499e-01  -6.2123256732258007e+01   4.9304729614505284e+01   5.3403528265354268e+01   3.4204053581931475e+01  -5.6563908703313253e+01
  -7.1910191206695217e+01   2.8577293678544816e+01  -7.4631206266127165e+01  -6.6500724085828551e+01   4.2234795298577286e+00  -6.1305608510647538e+01   5.1716992330830003e+01   5.4047344950651251e+01   3.4644455450552378e+01  -5.5635373165514132e+01
  -7.2398220626638320e+01   2.9582512192322344e+01  -7.6823150729211775e+01  -6.7344290690943168e+01   8.4630116455214788e-01  -6.3491336949416066e+01   5.2890101688532255e+01   5.1717633277009696e+01   3.6061783805399692e+01  -5.5401914890220802e+01