  -7.4024058228331902e-01   6.7234208580220001e-01
   6.7234208580219923e-01   7.4024058228331957e-01
  -9.9405583273271436e-01   1.0887149034559235e-01
   1.0887149034559067e-01   9.9405583273271425e-01
  -8.7339077480183203e-01   4.8702007606571546e-01
  -4.8702007606571524e-01  -8.7339077480183225e-01
  -7.0551924297063223e-02   9.9750810822668590e-01
  -9.9750810822668579e-01  -7.0551924297062932e-02
   4.3596872261061520e-01   8.9996181747075721e-01
  -8.9996181747075732e-01   4.3596872261061514e-01
  -6.9434851376246820e-01   7.1963889655566260e-01
   7.1963889655566271e-01   6.9434851376246798e-01
   8.6162423140818689e-01  -5.0754673070590361e-01
   5.0754673070590406e-01   8.6162423140818722e-01
   1.7814610144272901e-02  -9.9984130724100806e-01
  -9.9984130724100806e-01  -1.7814610144273001e-02
  -6.1977577826919461e-01  -7.8477894000209658e-01
   7.8477894000209658e-01  -6.1977577826919483e-01
  -8.1990734308145363e-01  -5.7249624344716121e-01
  -5.7249624344716132e-01   8.1990734308145363e-01
