   5.6114027886241189e+01   9.6895243767815629e+00   6.8737418681066117e+01   3.1466752088836415e+01   1.3246554428134402e+01   5.0463553836387376e+01   6.0642224735548439e+01   7.8225858572734268e+01  -7.9916419942888837e+01   5.8470174562083940e+01
   5.4882724191931572e+01   1.1128567642389765e+01   7.1080146411345240e+01   2.7655704891553203e+01   8.1951562152066799e+00   5.5060459208580937e+01   8.0312211610472559e+01   5.9144350370342238e+01  -7.7881776280600135e+01   5.8122942741331741e+01
   5.5293014654396579e+01   1.5687291606949671e+01   7.5772913032287846e+01   4.9164759421376417e+01   8.1942804704778496e+00   4.9540743533408310e+01   5.3163460865547350e+01   7.0352157303063976e+01  -6.9375489200829904e+01   7.1536925630445282e+01
   5.4061710960086963e+01   1.7126334872557873e+01   7.8115640762566969e+01   4.5353712224093201e+01   3.1428822575501307e+00   5.4137648905601871e+01   7.2833447740471470e+01   5.1270649100671953e+01  -6.7340845538541203e+01   7.1189693809693082e+01
   6.4093431747309296e+01  -2.6131644754922227e+00   5.9152708437998257e+01   3.4329469536018081e+01   1.6736021334285109e+01   6.0686808470104445e+01   4.8323895269823318e+01   6.3521826158156145e+01  -8.3793232130588692e+01   5.5189839690247290e+01
   6.2862128052999687e+01  -1.1741212098840244e+00   6.1495436168277372e+01   3.0518422338734872e+01   1.1684623121357388e+01   6.5283713842297999e+01   6.7993882144747431e+01   4.4440317955764115e+01  -8.1758588468299990e+01   5.4842607869495090e+01
   6.3272418515464693e+01   3.3846027546758854e+00   6.6188202789219986e+01   5.2027476868558082e+01   1.1683747376628558e+01   5.9763998167125379e+01   4.0845131399822229e+01   5.5648124888485853e+01  -7.3252301388529759e+01   6.8256590758608624e+01
   6.2041114821155077e+01   4.8236460202840874e+00   6.8530930519499108e+01   4.8216429671274867e+01   6.6323491637008365e+00   6.4360903539318940e+01   6.0515118274746342e+01   3.6566616686093830e+01  -7.1217657726241058e+01   6.7909358937856439e+01
   4.8959735561779468e+01   1.9532429485688468e+01   8.3105450160486555e+01   2.9187287737862587e+01   1.8210071819561975e+01   5.6234132771016917e+01   5.3417759041640849e+01   7.2375909120139440e+01  -9.7839171444211900e+01   5.7978882146215184e+01
   4.7728431867469851e+01   2.0971472751296666e+01   8.5448177890765663e+01   2.5376240540579374e+01   1.3158673606634252e+01   6.0831038143210478e+01   7.3087745916564970e+01   5.3294400917747410e+01  -9.5804527781923198e+01   5.7631650325462985e+01
   4.8138722329934865e+01   2.5530196715856576e+01   9.0140944511708284e+01   4.6885295070402591e+01   1.3157797861905420e+01   5.5311322468037858e+01   4.5938995171639760e+01   6.4502207850469148e+01  -8.7298240702152981e+01   7.1045633214576526e+01
   4.6907418635625248e+01   2.6969239981464774e+01   9.2483672241987392e+01   4.3074247873119376e+01   8.1063996489776997e+00   5.9908227840231412e+01   6.5608982046563881e+01   4.5420699648077125e+01  -8.5263597039864280e+01   7.0698401393824327e+01
   5.6939139422847582e+01   7.2297406334146803e+00   7.3520739917418695e+01   3.2050005185044256e+01   2.1699538725712681e+01   6.6457387404733993e+01   4.1099429575915728e+01   5.7671876705561310e+01  -1.0171598363191174e+02   5.4698547274378527e+01
   5.5707835728537965e+01   8.6687838990228823e+00   7.5863467647697803e+01   2.8238957987761040e+01   1.6648140512784963e+01   7.1054292776927539e+01   6.0769416450839842e+01   3.8590368503169280e+01  -9.9681339969623053e+01   5.4351315453626334e+01
   5.6118126191002979e+01   1.3227507863582789e+01   8.0556234268640424e+01   4.9748012517584257e+01   1.6647264768056129e+01   6.5534577101754920e+01   3.3620665705914647e+01   4.9798175435891025e+01  -9.1175052889852822e+01   6.7765298342739868e+01
   5.4886822496693362e+01   1.4666551129190990e+01   8.2898961998919532e+01   4.5936965320301042e+01   1.1595866555128410e+01   7.0131482473948481e+01   5.3290652580838760e+01   3.0716667233498995e+01  -8.9140409227564120e+01   6.7418066521987669e+01
   4.2745512713779704e+01   3.3720404312778118e+00   5.7495232902274665e+01   4.0382466413371446e+01   1.5431267465451773e+01   5.5075728562969424e+01   6.8383305104787340e+01   8.2542464404439542e+01  -9.0996392812537835e+01   7.1647708998197515e+01
   4.1514209019470087e+01   4.8110836968860129e+00   5.9837960632553781e+01   3.6571419216088238e+01   1.0379869252524053e+01   5.9672633935162985e+01   8.8053291979711446e+01   6.3460956202047527e+01  -8.8961749150249148e+01   7.1300477177445316e+01
   4.1924499481935094e+01   9.3698076614459200e+00   6.4530727253496394e+01   5.8080473745911448e+01   1.0378993507795222e+01   5.4152918259990358e+01   6.0904541234786251e+01   7.4668763134769264e+01  -8.0455462070478916e+01   8.4714460066558857e+01
   4.0693195787625477e+01   1.0808850927054122e+01   6.6873454983775517e+01   5.4269426548628232e+01   5.3275952948675007e+00   5.8749823632183919e+01   8.0574528109710371e+01   5.5587254932377235e+01  -7.8420818408190215e+01   8.4367228245806658e+01
   5.0724916574847811e+01  -8.9306484209959756e+00   4.7910522659206812e+01   4.3245183860553119e+01   1.8920734371602482e+01   6.5298983196686493e+01   5.6064975639062212e+01   6.7838431989861419e+01  -9.4873205000237689e+01   6.8367374126360858e+01
   4.9493612880538194e+01  -7.4916051553877772e+00   5.0253250389485927e+01   3.9434136663269904e+01   1.3869336158674759e+01   6.9895888568880054e+01   7.5734962513986332e+01   4.8756923787469397e+01  -9.2838561337948988e+01   6.8020142305608658e+01
   4.9903903343003208e+01  -2.9328811908278674e+00   5.4946017010428541e+01   6.0943191193093114e+01   1.3868460413945929e+01   6.4376172893707434e+01   4.8586211769061130e+01   5.9964730720191135e+01  -8.4332274258178757e+01   8.1434125194722199e+01
   4.8672599648693591e+01  -1.4938379252196672e+00   5.7288744740707656e+01   5.7132143995809898e+01   8.8170622010182065e+00   6.8973078265900995e+01   6.8256198643985243e+01   4.0883222517799112e+01  -8.2297630595890070e+01   8.1086893373970000e+01
   3.5591220389317982e+01   1.3214945540184715e+01   7.1863264381695103e+01   3.8103002062397621e+01   2.0394784856879344e+01   6.0846307497598964e+01   6.1158839410879750e+01   7.6692514951844714e+01  -1.0891914431386090e+02   7.1156416582328760e+01
   3.4359916695008366e+01   1.4653988805792915e+01   7.4205992111974211e+01   3.4291954865114405e+01   1.5343386643951623e+01   6.5443212869792518e+01   8.0828826285803871e+01   5.7611006749452699e+01  -1.0688450065157220e+02   7.0809184761576560e+01
   3.4770207157473372e+01   1.9212712770352823e+01   7.8898758732916832e+01   5.5801009394937623e+01   1.5342510899222791e+01   5.9923497194619898e+01   5.3680075540878661e+01   6.8818813682174437e+01  -9.8378213571801979e+01   8.4223167650690101e+01
   3.3538903463163763e+01   2.0651756035961021e+01   8.1241486463195940e+01   5.1989962197654407e+01   1.0291112686295071e+01   6.4520402566813459e+01   7.3350062415802782e+01   4.9737305479782407e+01  -9.6343569909513278e+01   8.3875935829937902e+01
   4.3570624250386096e+01   9.1225668791092751e-01   6.2278554138627243e+01   4.0965719509579287e+01   2.3884251763030051e+01   7.1069562131316033e+01   4.8840509945154629e+01   6.1988482537266592e+01  -1.1279595650156075e+02   6.7876081710492102e+01
   4.2339320556076473e+01   2.3512999535191277e+00   6.4621281868906351e+01   3.7154672312296071e+01   1.8832853550102328e+01   7.5666467503509594e+01   6.8510496820078743e+01   4.2906974334874569e+01  -1.1076131283927205e+02   6.7528849889739902e+01
   4.2749611018541486e+01   6.9100239180790348e+00   6.9314048489848972e+01   5.8663726842119289e+01   1.8831977805373498e+01   7.0146751828336960e+01   4.1361746075153540e+01   5.4114781267596300e+01  -1.0225502575950182e+02   8.0942832778853443e+01
   4.1518307324231870e+01   8.3490671836872359e+00   7.1656776220128080e+01   5.4852679644836073e+01   1.3780579592445779e+01   7.4743657200530521e+01   6.1031732950077654e+01   3.5033273065204277e+01  -1.0022038209721312e+02   8.0595600958101244e+01