   2.3090900830990662e+01  -1.9422498774357052e+01   4.9852873325196356e+01
   2.0762078965545861e+01  -2.0183132455802028e+01   4.6690907936126187e+01
   1.8433257100101059e+01  -2.0943766137247003e+01   4.3528942547056019e+01
   1.6104435234656258e+01  -2.1704399818691979e+01   4.0366977157985851e+01
   1.3775613369211456e+01  -2.2465033500136954e+01   3.7205011768915682e+01
   2.2081869460328804e+01  -2.2950638119645095e+01   5.1444755372727109e+01
   1.9753047594884002e+01  -2.3711271801090071e+01   4.8282789983656940e+01
   1.7424225729439200e+01  -2.4471905482535046e+01   4.5120824594586772e+01
   1.5095403863994399e+01  -2.5232539163980022e+01   4.1958859205516603e+01
   1.2766581998549597e+01  -2.5993172845425001e+01   3.8796893816446435e+01
   2.1072838089666945e+01  -2.6478777464933142e+01   5.3036637420257861e+01
   1.8744016224222143e+01  -2.7239411146378117e+01   4.9874672031187693e+01
   1.6415194358777342e+01  -2.8000044827823093e+01   4.6712706642117524e+01
   1.4086372493332540e+01  -2.8760678509268068e+01   4.3550741253047356e+01
   1.1757550627887737e+01  -2.9521312190713044e+01   4.0388775863977187e+01
   2.0063806719005086e+01  -3.0006916810221185e+01   5.4628519467788607e+01
   1.7734984853560285e+01  -3.0767550491666160e+01   5.1466554078718438e+01
   1.5406162988115483e+01  -3.1528184173111136e+01   4.8304588689648270e+01
   1.3077341122670681e+01  -3.2288817854556115e+01   4.5142623300578101e+01
   1.0748519257225880e+01  -3.3049451536001087e+01   4.1980657911507933e+01
   1.9054775348343227e+01  -3.3535056155509231e+01   5.6220401515319359e+01
   1.6725953482898426e+01  -3.4295689836954203e+01   5.3058436126249191e+01
   1.4397131617453624e+01  -3.5056323518399182e+01   4.9896470737179023e+01
   1.2068309752008822e+01  -3.5816957199844154e+01   4.6734505348108854e+01
   9.7394878865640209e+00  -3.6577590881289133e+01   4.3572539959038686e+01
   2.6182574230954902e+01  -2.1146931771861425e+01   4.7990647123825632e+01
   2.3853752365510100e+01  -2.1907565453306400e+01   4.4828681734755463e+01
   2.1524930500065299e+01  -2.2668199134751376e+01   4.1666716345685295e+01
   1.9196108634620497e+01  -2.3428832816196351e+01   3.8504750956615126e+01
   1.6867286769175692e+01  -2.4189466497641327e+01   3.5342785567544958e+01
   2.5173542860293043e+01  -2.4675071117149468e+01   4.9582529171356384e+01
   2.2844720994848242e+01  -2.5435704798594443e+01   4.6420563782286216e+01
   2.0515899129403440e+01  -2.6196338480039419e+01   4.3258598393216047e+01
   1.8187077263958638e+01  -2.6956972161484394e+01   4.0096633004145879e+01
   1.5858255398513835e+01  -2.7717605842929373e+01   3.6934667615075711e+01
   2.4164511489631185e+01  -2.8203210462437514e+01   5.1174411218887137e+01
   2.1835689624186383e+01  -2.8963844143882490e+01   4.8012445829816969e+01
   1.9506867758741581e+01  -2.9724477825327465e+01   4.4850480440746800e+01
   1.7178045893296780e+01  -3.0485111506772441e+01   4.1688515051676632e+01
   1.4849224027851976e+01  -3.1245745188217416e+01   3.8526549662606456e+01
   2.3155480118969326e+01  -3.1731349807725557e+01   5.2766293266417883e+01
   2.0826658253524524e+01  -3.2491983489170536e+01   4.9604327877347714e+01
   1.8497836388079723e+01  -3.3252617170615508e+01   4.6442362488277546e+01
   1.6169014522634921e+01  -3.4013250852060480e+01   4.3280397099207377e+01
   1.3840192657190117e+01  -3.4773884533505459e+01   4.0118431710137209e+01
   2.2146448748307467e+01  -3.5259489153013604e+01   5.4358175313948635e+01
   1.9817626882862665e+01  -3.6020122834458576e+01   5.1196209924878467e+01
   1.7488805017417860e+01  -3.6780756515903555e+01   4.8034244535808298e+01
   1.5159983151973060e+01  -3.7541390197348534e+01   4.4872279146738130e+01
   1.2831161286528260e+01  -3.8302023878793506e+01   4.1710313757667961e+01
   2.9274247630919142e+01  -2.2871364769365798e+01   4.6128420922454907e+01
   2.6945425765474340e+01  -2.3631998450810773e+01   4.2966455533384739e+01
   2.4616603900029535e+01  -2.4392632132255748e+01   3.9804490144314570e+01
   2.2287782034584737e+01  -2.5153265813700724e+01   3.6642524755244402e+01
   1.9958960169139932e+01  -2.5913899495145699e+01   3.3480559366174234e+01
   2.8265216260257283e+01  -2.6399504114653841e+01   4.7720302969985660e+01
   2.5936394394812481e+01  -2.7160137796098816e+01   4.4558337580915492e+01
   2.3607572529367676e+01  -2.7920771477543791e+01   4.1396372191845323e+01
   2.1278750663922875e+01  -2.8681405158988767e+01   3.8234406802775155e+01
   1.8949928798478073e+01  -2.9442038840433742e+01   3.5072441413704986e+01
   2.7256184889595424e+01  -2.9927643459941883e+01   4.9312185017516413e+01
   2.4927363024150619e+01  -3.0688277141386862e+01   4.6150219628446244e+01
   2.2598541158705817e+01  -3.1448910822831834e+01   4.2988254239376076e+01
   2.0269719293261019e+01  -3.2209544504276813e+01   3.9826288850305907e+01
   1.7940897427816214e+01  -3.2970178185721785e+01   3.6664323461235739e+01
   2.6247153518933565e+01  -3.3455782805229930e+01   5.0904067065047158e+01
   2.3918331653488764e+01  -3.4216416486674902e+01   4.7742101675976997e+01
   2.1589509788043962e+01  -3.4977050168119881e+01   4.4580136286906821e+01
   1.9260687922599161e+01  -3.5737683849564860e+01   4.1418170897836660e+01
   1.6931866057154355e+01  -3.6498317531009832e+01   3.8256205508766485e+01
   2.5238122148271707e+01  -3.6983922150517976e+01   5.2495949112577911e+01
   2.2909300282826905e+01  -3.7744555831962955e+01   4.9333983723507743e+01
   2.0580478417382100e+01  -3.8505189513407927e+01   4.6172018334437574e+01
   1.8251656551937302e+01  -3.9265823194852899e+01   4.3010052945367406e+01
   1.5922834686492497e+01  -4.0026456876297878e+01   3.9848087556297237e+01
   3.2365921030883378e+01  -2.4595797766870170e+01   4.4266194721084183e+01
   3.0037099165438576e+01  -2.5356431448315146e+01   4.1104229332014015e+01
   2.7708277299993775e+01  -2.6117065129760121e+01   3.7942263942943846e+01
   2.5379455434548973e+01  -2.6877698811205097e+01   3.4780298553873678e+01
   2.3050633569104171e+01  -2.7638332492650072e+01   3.1618333164803509e+01
   3.1356889660221519e+01  -2.8123937112158213e+01   4.5858076768614936e+01
   2.9028067794776717e+01  -2.8884570793603189e+01   4.2696111379544767e+01
   2.6699245929331916e+01  -2.9645204475048164e+01   3.9534145990474599e+01
   2.4370424063887114e+01  -3.0405838156493139e+01   3.6372180601404430e+01
   2.2041602198442312e+01  -3.1166471837938115e+01   3.3210215212334262e+01
   3.0347858289559660e+01  -3.1652076457446256e+01   4.7449958816145688e+01
   2.8019036424114859e+01  -3.2412710138891235e+01   4.4287993427075520e+01
   2.5690214558670057e+01  -3.3173343820336207e+01   4.1126028038005352e+01
   2.3361392693225255e+01  -3.3933977501781186e+01   3.7964062648935183e+01
   2.1032570827780454e+01  -3.4694611183226158e+01   3.4802097259865008e+01
   2.9338826918897801e+01  -3.5180215802734303e+01   4.9041840863676441e+01
   2.7010005053453000e+01  -3.5940849484179282e+01   4.5879875474606273e+01
   2.4681183188008198e+01  -3.6701483165624254e+01   4.2717910085536104e+01
   2.2352361322563397e+01  -3.7462116847069225e+01   3.9555944696465936e+01
   2.0023539457118595e+01  -3.8222750528514204e+01   3.6393979307395767e+01
   2.8329795548235943e+01  -3.8708355148022349e+01   5.0633722911207187e+01
   2.6000973682791141e+01  -3.9468988829467321e+01   4.7471757522137025e+01
   2.3672151817346339e+01  -4.0229622510912300e+01   4.4309792133066850e+01
   2.1343329951901538e+01  -4.0990256192357279e+01   4.1147826743996688e+01
   1.9014508086456736e+01  -4.1750889873802251e+01   3.7985861354926513e+01
   3.5457594430847621e+01  -2.6320230764374543e+01   4.2403968519713459e+01
   3.3128772565402812e+01  -2.7080864445819518e+01   3.9242003130643290e+01
   3.0799950699958014e+01  -2.7841498127264494e+01   3.6080037741573122e+01
   2.8471128834513213e+01  -2.8602131808709466e+01   3.2918072352502961e+01
   2.6142306969068411e+01  -2.9362765490154445e+01   2.9756106963432785e+01
   3.4448563060185762e+01  -2.9848370109662586e+01   4.3995850567244212e+01
   3.2119741194740953e+01  -3.0609003791107561e+01   4.0833885178174043e+01
   2.9790919329296155e+01  -3.1369637472552537e+01   3.7671919789103875e+01
   2.7462097463851354e+01  -3.2130271153997512e+01   3.4509954400033706e+01
   2.5133275598406552e+01  -3.2890904835442484e+01   3.1347989010963538e+01
   3.3439531689523903e+01  -3.3376509454950629e+01   4.5587732614774964e+01
   3.1110709824079098e+01  -3.4137143136395608e+01   4.2425767225704796e+01
   2.8781887958634297e+01  -3.4897776817840580e+01   3.9263801836634627e+01
   2.6453066093189495e+01  -3.5658410499285559e+01   3.6101836447564459e+01
   2.4124244227744693e+01  -3.6419044180730531e+01   3.2939871058494290e+01
   3.2430500318862045e+01  -3.6904648800238675e+01   4.7179614662305710e+01
   3.0101678453417239e+01  -3.7665282481683647e+01   4.4017649273235548e+01
   2.7772856587972438e+01  -3.8425916163128626e+01   4.0855683884165373e+01
   2.5444034722527636e+01  -3.9186549844573605e+01   3.7693718495095212e+01
   2.3115212857082835e+01  -3.9947183526018577e+01   3.4531753106025036e+01
   3.1421468948200182e+01  -4.0432788145526715e+01   4.8771496709836462e+01
   2.9092647082755381e+01  -4.1193421826971694e+01   4.5609531320766294e+01
   2.6763825217310579e+01  -4.1954055508416673e+01   4.2447565931696126e+01
   2.4435003351865777e+01  -4.2714689189861645e+01   3.9285600542625957e+01
   2.2106181486420976e+01  -4.3475322871306616e+01   3.6123635153555789e+01