  -1.3143503281876123e-01  -9.9132478640853661e-01
   9.9132478640853727e-01  -1.3143503281875957e-01
   3.8181910654068885e-01  -9.2423707450008186e-01
  -9.2423707450008197e-01  -3.8181910654068957e-01
   7.3877776220177860e-01  -6.7394912128151863e-01
   6.7394912128151918e-01   7.3877776220177938e-01
   9.2534226278373499e-01  -3.7913282198495751e-01
  -3.7913282198495646e-01  -9.2534226278373466e-01
   4.0259548379624444e-01   9.1537799647296936e-01
  -9.1537799647296980e-01   4.0259548379624432e-01
   3.4851616624786219e-01  -9.3730276958082881e-01
   9.3730276958082892e-01   3.4851616624786208e-01
  -9.5886566348831681e-01  -2.8386024621829326e-01
   2.8386024621829314e-01  -9.5886566348831692e-01
  -8.1643101828848119e-01  -5.7744297759729812e-01
  -5.7744297759729790e-01   8.1643101828848108e-01
   6.1153829565092976e-01  -7.9121483362760359e-01
   7.9121483362760336e-01   6.1153829565092965e-01
   9.4981104999238508e-01   3.1282418274866436e-01
  -3.1282418274866830e-01   9.4981104999237687e-01
