  -5.4050830689081160e+01   4.7085526509425108e+01  -3.0205593272831223e+01   4.5653016809940397e+00  -5.3496203280035047e+01
  -5.5197532031124595e+01   3.8955836079484655e+01  -4.1677832402773447e+00  -7.2569799167546396e+00  -4.9641424936516650e+01
  -5.7748109860467665e+01   4.2995508944975576e+01  -2.5957171865195413e+01   7.6310902739420996e+00  -8.2516088512368725e+01
  -5.8894811202511093e+01   3.4865818515035116e+01   8.0638167358465296e-02  -4.1911913238065797e+00  -7.8661310168850335e+01
  -6.2844241465818406e+01   7.0020967250051257e+01  -1.8049725844307719e+01   1.6729556853644446e+01  -5.2543697059794376e+01
  -6.3990942807861842e+01   6.1891276820110804e+01   7.9880841882461624e+00   4.9072752558957671e+00  -4.8688918716275978e+01
  -6.6541520637204911e+01   6.5930949685601732e+01  -1.3801304436671909e+01   1.9795345446592506e+01  -8.1563582292128061e+01
  -6.7688221979248340e+01   5.7801259255661272e+01   1.2236505595881972e+01   7.9730638488438270e+00  -7.7708803948609670e+01
  -2.5639980091981787e+01   5.3720822394755473e+01  -2.4975105813162124e+01   7.6369087289613020e+00  -5.6960831390025639e+01
  -2.6786681434025219e+01   4.5591131964815020e+01   1.0627042193917546e+00  -4.1853728687873772e+00  -5.3106053046507242e+01
  -2.9337259263368292e+01   4.9630804830305941e+01  -2.0726684405526314e+01   1.0702697321909362e+01  -8.5980716622359324e+01
  -3.0483960605411724e+01   4.1501114400365488e+01   5.3111256270275646e+00  -1.1195842758393173e+00  -8.2125938278840920e+01
  -3.4433390868719030e+01   7.6656263135381622e+01  -1.2819238384638624e+01   1.9801163901611709e+01  -5.6008325169784968e+01
  -3.5580092210762466e+01   6.8526572705441168e+01   1.3218571647915255e+01   7.9788823038630294e+00  -5.2153546826266570e+01
  -3.8130670040105535e+01   7.2566245570932097e+01  -8.5708169770028135e+00   2.2866952494559769e+01  -8.5028210402118660e+01
  -3.9277371382148971e+01   6.4436555140991629e+01   1.7466993055551065e+01   1.1044670896811089e+01  -8.1173432058600255e+01
  -5.4768255264800025e+01   6.2805523213724186e+01  -3.5577767157413049e+01  -1.9795131902265691e+01  -5.8980364928308170e+01
  -5.5914956606843454e+01   5.4675832783783733e+01  -9.5399571248591677e+00  -3.1617413500014372e+01  -5.5125586584789772e+01
  -5.8465534436186530e+01   5.8715505649274654e+01  -3.1329345749777236e+01  -1.6729343309317631e+01  -8.8000250160641855e+01
  -5.9612235778229959e+01   5.0585815219334194e+01  -5.2915357172233577e+00  -2.8551624907066312e+01  -8.4145471817123450e+01
  -6.3561666041537272e+01   8.5740963954350335e+01  -2.3421899728889542e+01  -7.6308767296152844e+00  -5.8027858708067498e+01
  -6.4708367383580708e+01   7.7611273524409881e+01   2.6159103036643359e+00  -1.9453158327363965e+01  -5.4173080364549101e+01
  -6.7258945212923777e+01   8.1650946389900810e+01  -1.9173478321253732e+01  -4.5650881366672245e+00  -8.7047743940401176e+01
  -6.8405646554967205e+01   7.3521255959960342e+01   6.8643317113001459e+00  -1.6387369734415905e+01  -8.3192965596882786e+01
  -2.6357404667700649e+01   6.9440819099054551e+01  -3.0347279697743950e+01  -1.6723524854298429e+01  -6.2444993038298762e+01
  -2.7504106009744081e+01   6.1311128669114098e+01  -4.3094696651900684e+00  -2.8545806452047110e+01  -5.8590214694780364e+01
  -3.0054683839087154e+01   6.5350801534605026e+01  -2.6098858290108140e+01  -1.3657736261350369e+01  -9.1464878270632454e+01
  -3.1201385181130586e+01   5.7221111104664566e+01  -6.1048257554261909e-02  -2.5480017859099050e+01  -8.7610099927114049e+01
  -3.5150815444437896e+01   9.2376259839680699e+01  -1.8191412269220447e+01  -4.5592696816480220e+00  -6.1492486818058097e+01
  -3.6297516786481324e+01   8.4246569409740246e+01   7.8463977633334352e+00  -1.6381551279396703e+01  -5.7637708474539693e+01
  -3.8848094615824401e+01   8.8286242275231174e+01  -1.3942990861584637e+01  -1.4934810886999621e+00  -9.0512372050391775e+01
  -3.9994795957867829e+01   8.0156551845290721e+01   1.2094819170969245e+01  -1.3315762686448643e+01  -8.6657593706873371e+01