   7.2837526689819876e-01   6.8517842243533911e-01
  -6.8517842243533855e-01   7.2837526689819598e-01
  -1.2482157047674082e-01   9.9217920535743942e-01
   9.9217920535743953e-01   1.2482157047674072e-01
  -8.4166084492468174e-01  -5.4000650192444077e-01
   5.4000650192443955e-01  -8.4166084492468274e-01
   9.9776827360807263e-01  -6.6771791807372555e-02
  -6.6771791807372236e-02  -9.9776827360807219e-01
   1.1454363360031394e-01  -9.9341821807415875e-01
  -9.9341821807415887e-01  -1.1454363360031386e-01
  -4.7257504940353723e-01   8.8129043038106580e-01
   8.8129043038106580e-01   4.7257504940353745e-01
  -1.2918620524755536e-01  -9.9162035294448070e-01
  -9.9162035294448070e-01   1.2918620524755506e-01
   3.3210321652758823e-01  -9.4324305116551388e-01
   9.4324305116551521e-01   3.3210321652758895e-01
   1.2983162239532545e-01  -9.9153605573685399e-01
  -9.9153605573685388e-01  -1.2983162239532592e-01
  -9.9938755343381902e-01   3.4993114202155964e-02
  -3.4993114202156402e-02  -9.9938755343381902e-01
