  -1.1829973871137548e-02  -1.4710495716795297e-01  -1.1276643016834384e-01  -8.9384607481251155e-02   3.4922884301719342e-01  -6.7361264979028312e-01   1.6343050990447136e-01  -3.0623038809689623e-01   2.4451826363218424e-01   4.4891397539328143e-01
  -2.8885178023531138e-01   4.1306051410492001e-01   4.5661057599413205e-02  -2.1766134827886213e-01  -7.0931204883559040e-01  -1.4141271119239607e-01   1.5118586072106399e-01  -6.2820363896604572e-02   3.5451788841580567e-01   1.4448748287516236e-01
  -2.7416332524157871e-01   8.4659390677843324e-02   2.3580349973760673e-01  -3.3743094204346324e-01   4.4038177998409794e-01   3.7935600130570325e-02   2.2279545825006222e-01   1.6451684130484504e-01   4.7485651157492109e-01  -5.0063638676348421e-01
  -2.1222985392666072e-01   1.2207915662564099e-01   5.4948687739354664e-02   3.4651964282463704e-01   1.1603112787873400e-01  -1.3042585812537047e-01  -5.9968963713662525e-02   8.0654594639646682e-01   9.6122030278776777e-02   3.5090416840687472e-01
   6.4737164115233303e-01   2.5561093857012501e-01   3.4385246785292339e-01   2.6934817007432205e-01  -2.4380446809964242e-02  -1.6266283597096667e-01  -3.2283662663382318e-01  -4.8583579149809174e-02   4.1815617105103409e-01  -1.2766366164245907e-01
  -4.1056040341890659e-01   1.0449851987650760e-01  -3.8394111097902511e-01   6.1885577101608036e-01   2.0013572372557135e-02  -1.5562461428642121e-01  -1.8458702894477430e-01  -2.5563571427774923e-01   1.4044421039670071e-01  -3.8257135663114111e-01
   5.7392667078724119e-02   9.0092727616865528e-02   4.0672372177500499e-01   3.8375896410436072e-01  -6.2964644262509042e-02  -2.0700191861572387e-01   7.0239608468951109e-01  -5.2161196960089661e-02  -3.2440655375894251e-01  -1.6661107615120846e-01
   1.2439676235497746e-01   1.2199462708593557e-01  -2.0972085124659812e-01   2.5727262049609684e-01   1.6866614506581484e-01   6.1030533628210715e-01   3.9648459998562641e-01  -1.7735775768823112e-01   3.8035649037733837e-01   3.5386858546264055e-01
   3.4770032330968959e-01  -4.5455597801262282e-01  -4.6827679390921750e-01  -1.0591073914914883e-02  -2.9941785723568093e-01  -1.5173872034009964e-01   3.0808881607920963e-01   3.2903133224806180e-01   2.4668441630959523e-01  -2.7636713179514671e-01
   2.6249530814019906e-01   6.9267105614732150e-01  -4.8191355854432188e-01  -2.0394903584682780e-01   2.1084942586338393e-01  -1.3701522943581634e-01   1.1586343671615167e-01   1.2060775972417689e-01  -2.7286755301344473e-01  -1.0867019556096691e-01
  -1.8692248790844759e-01  -3.6100892209799151e-01  -2.1650305832312411e-01   4.5809873576811388e-01   1.8789197109566685e-01  -5.2996649218931979e-01  -1.5926577129503777e-01   4.3350794137805082e-01   2.1061866793821196e-01  -6.4666031503248858e-02
   2.2834237436595697e-01   2.1923563083096034e-01   8.4910889631665931e-02   2.4483668576243039e-01  -3.4105171525370548e-01  -2.6771641374812127e-01   2.9490326248501014e-01  -3.3112606995613386e-01   5.5219327839357646e-01  -3.7831529254089424e-01
  -1.7132324310245128e-01   2.4698030877306787e-01   1.3331921442884048e-01   9.4301805516401410e-02   2.6183626766183082e-01  -6.7297478483324180e-02  -7.0396584075185353e-01  -3.7363205650865849e-01  -8.8425089984851560e-02  -4.0854281682972737e-01
   4.0114308018874739e-01  -4.1045624533516967e-01  -4.6168722204196821e-01  -3.7114344316447540e-01   4.0126444813827983e-01  -7.3198736276286466e-02   3.8201899077107367e-02  -3.3470438764374022e-01   1.0953393564505563e-01  -1.6688932227707121e-01
   9.8401854812819323e-02   2.2076460692993105e-01   2.4114851236841339e-01  -9.6597215558385727e-02   5.2323705402736731e-01   3.2336273838134616e-01   1.7739569797814894e-01   4.8386358053272682e-01   2.9193512180309611e-01  -3.8070546013332057e-01
  -1.7309181795692821e-01  -6.7722604132194164e-01   6.2084360497969315e-01   5.7545293300144483e-02   1.3678517389312007e-02   1.0195754630822454e-01   1.5866593416715472e-01  -2.0892303002141249e-01  -6.7432415697398440e-02  -1.9670430593706439e-01
  -2.2209256308241626e-01  -8.2430864089590508e-03   1.6490070879706489e-01  -7.5224038272933436e-01  -2.6218307681186520e-01  -4.1343629813817601e-01  -1.4555452081413384e-01   2.2838134262788864e-01   1.6909667636118822e-01  -1.2626055301757164e-01
   4.1521016633191810e-01  -1.7250663000527391e-01  -1.2836855224013913e-01   6.4381548726450077e-02  -4.6238593793342775e-01   1.7897701904235747e-01  -2.0862169012592402e-01   3.3732893243588769e-01  -3.4372191202989372e-01  -5.0589169923563293e-01
   5.9812065600356834e-01  -8.3850906552041513e-02   3.9065911048951696e-01   2.5720354579764022e-02   2.0346509725642985e-03  -3.1367680167351933e-02  -4.3463263619202297e-01   8.3190700150789262e-02   2.8980260197421276e-01   4.4849168194583200e-01
   3.2176965170491650e-01   2.1887236227325738e-01   2.7404891203906578e-01   1.5673639186746822e-02   2.4959961659144042e-01  -5.6450983536027799e-01   2.8351441046441656e-01   1.2494552773091657e-02  -5.5714311223443935e-01  -3.5977854273483476e-02
   5.0098817625102088e-01  -2.3263248517055901e-01   4.0065000962146691e-01  -4.5292188333173866e-01   2.0034781144979863e-01  -1.6030726537956150e-01   3.0106344968407417e-01  -3.5373845232432760e-01   7.6853344495938156e-02  -2.0425502846858162e-01
   6.1704781776790041e-01   3.7130857006353879e-01  -2.7346015438310450e-01  -9.4949616039497142e-02   4.1030801052233092e-02  -6.7290441012585647e-02  -5.6805047244863204e-06   4.7979181395054926e-01  -3.8385903666048116e-01  -1.1758646131748675e-01
  -3.4107634014364546e-01   5.2550137623193183e-01   4.1637736024117866e-01   8.4393945353771094e-02   1.5826477901790012e-01  -2.7959596870774145e-01   4.0301357266501586e-01  -4.9307408569411695e-02  -3.8494692723969259e-01   1.0375859752461027e-01
   2.5978333635441286e-01   1.4060203542303787e-02  -1.1892245426782234e-01   2.4777410283532180e-02  -5.8338618104435513e-01  -3.9120855947870528e-02   3.5181380206353224e-01  -1.8884763929883538e-01   2.0707025172476790e-02   6.4484371591358147e-01
  -3.8551855463409494e-02   2.1563045705156531e-01  -1.1345761542989569e-01  -6.3153891597059253e-02  -1.5104112984998117e-02   8.3363698570282285e-01   3.9042292231325926e-01  -1.7461423714543961e-01  -5.1502557486518240e-02  -2.3324826738750046e-01
   3.2990871629620153e-02  -4.6353275771458052e-01  -3.1185449228681811e-01   2.6399104123115980e-01   4.6903013658590337e-01   2.7327127739731567e-02   1.4558859352358555e-01  -2.1035054484746443e-01  -5.2682986519835151e-01   2.3103106419222749e-01
  -2.4743804536041959e-02  -2.7401239143662115e-01  -4.2288282052920810e-02   3.9432382126054499e-01  -4.6147081410070484e-01  -2.3948479060132305e-01   3.2992558185983245e-01   3.6440409797565014e-02  -1.4915481476262618e-01  -6.0356536486861256e-01
  -4.7011427652616150e-02  -2.5761462325711426e-01   1.0630618578385155e-01   6.8641259915160860e-02   2.4401447115268851e-01   6.0140728520793850e-02   5.0540505334260777e-01   6.5759819550813514e-01   3.6762996929025210e-01   1.7096954552322649e-01
  -3.6972124313289384e-01  -2.9612418678654201e-01  -3.3276552322591336e-02  -6.8454312605555456e-01  -2.6705986764537454e-01   2.7534521574284068e-02   6.8094534809078275e-03   2.5147987942203825e-01  -4.1253910529905646e-01   1.8812586611778294e-02
  -2.0579508061225710e-01   2.0289395416323999e-01  -6.7295168457826493e-01  -2.7500582913842647e-01   1.6956798265250023e-01  -3.6420298220945296e-01   2.9190800804216777e-01  -1.8663163643192199e-01   3.0057145398450191e-01  -1.2731177284566778e-01
  -5.9042607919623313e-01   6.2423619865224078e-01  -8.6056082606222120e-02   1.3957788503232468e-01  -1.8023213722935763e-01  -2.2976520933375053e-01   1.7944312898431826e-02   1.1179702926992226e-01  -3.6907410224403681e-01   2.2948555006268016e-02
  -5.8309762514530523e-02  -2.1279057306109311e-01  -6.6322476319951407e-01   5.5898953566975822e-02   3.7410664023795842e-01  -1.1582780108110846e-02  -5.0857219530559583e-01   2.4661119454222247e-01  -2.1839014965040895e-01  -3.2884775199273006e-02
   3.7449360296179918e-01  -3.5119437298409564e-02  -4.9453005408664819e-01   9.5605829467952340e-03  -4.3454265804947473e-01  -8.3610961801208333e-02   5.0012919354902552e-01   3.1654771368189577e-01  -1.4153650448853053e-01   2.1837450708637302e-01
   5.6559927472346144e-02  -5.3978001470325034e-02   2.9748008735718989e-01  -5.8708705892806856e-01   2.1429831141892144e-01  -5.2839294182279140e-01   1.0633872876184365e-04   4.6909086101408887e-01  -1.0233860434212075e-01   7.1270109078349950e-02
   4.1574462530914796e-01   2.8769170606398031e-01   6.5320391921856777e-02   2.6648362537927656e-01  -1.5992984646495889e-03  -1.4313467951096312e-01  -6.5700350845042374e-02   2.3492007179474775e-01   1.7193463827547457e-02  -7.6734602815585085e-01
  -3.7109967521689970e-02  -3.5991374291204792e-01   3.4370991156010111e-01   4.6553228813320496e-01   2.7090946680706207e-01   1.0005505773363398e-01   2.8961300913097265e-01   1.8560740761031122e-01  -5.7551599768564110e-01   3.5787025313721119e-02
   8.7719280018200944e-03   2.6210024952467942e-01  -2.0191655517485466e-01   1.8372588306303869e-01   6.6982583958842656e-01  -2.1184271266772275e-01   4.6316314620306276e-01  -1.0019061204810133e-01   3.5057615574946771e-01   1.2528019437696394e-01
  -4.7800606498974951e-01  -2.4608424806351575e-01   1.6225299728212541e-02   1.3900210557232723e-01  -1.2061832793359742e-01   1.7229626259615630e-01   1.2653904495385759e-01   5.7937847639825402e-01   5.2089767557602562e-01  -1.5526486599747868e-01
   4.0869622113196537e-02   3.2688589456916378e-01  -1.8885160317904354e-02  -4.2837973290050130e-01   2.3680306606070217e-01   7.3343354270115924e-01   1.7502674447201236e-01   2.0266737174606661e-01  -1.7865083302497409e-01  -9.9922181889381859e-02
   3.1637749364176010e-01   3.3539459551476558e-01   2.3638829405402861e-01   3.2910619347312436e-01   1.1130365090517480e-02   1.3378058249363267e-01  -3.7622370992621179e-01   3.6056408713325971e-01   1.6708036753406322e-01   5.5293554356065500e-01
  -7.0983048910576729e-01   2.2155314584910024e-01  -1.5588895583107859e-01   9.9330426391427501e-02   2.6736620642083618e-02   5.4966642990381648e-02  -1.1192505396571023e-01  -5.3670057101788526e-01   3.2411436456473208e-01  -5.9379790035711262e-02
   1.5058109569927536e-01   7.2274385054483678e-02  -1.8288031973172320e-02  -3.7640517249744171e-01  -5.9028612762470223e-01  -3.9655298501882236e-01   1.4308636239922451e-02  -9.8236362590507553e-02   2.5350037336658443e-01  -5.0027682255942907e-01
  -4.1848852227811584e-01  -4.7751012839642108e-02   2.9157069090529930e-01   2.3779907729965619e-01  -5.0738899351992398e-02  -6.4265076112288344e-01  -2.8773060637108416e-01   3.9600780109978173e-01  -1.2951014066690711e-01   9.5220454448161879e-02
   3.3527393998276489e-01   1.3815883054695099e-01   1.2490030658578101e-01   2.1686373784491664e-01   1.7041672661578372e-01   1.5290344030076139e-01  -7.8233820272521037e-01   2.3250542686372080e-03   2.8145919956035770e-01  -2.4934811454866115e-01
   2.4077516351477420e-02  -1.7726781821403412e-01   3.1755675151283969e-01   5.4110289815046664e-01  -5.8060402439871861e-01   2.6274950111561368e-01   1.4658978273774530e-02  -2.7580329905416062e-01  -2.9787636383744970e-01  -5.6663480153056237e-02
  -9.5343242641982337e-02   7.8137906317431838e-02  -6.1616150580608875e-01   3.6893850814910578e-01   4.9047020377261157e-02   3.1334522137206916e-02   7.1452965275919933e-02   2.9274726732210155e-01  -2.7205210341739017e-01  -5.4847717492687476e-01
   2.5499971614772637e-01   7.6542995863852858e-01   7.4576805689420864e-02   1.1296334738037536e-01   1.0788617174573728e-01  -2.9490054843973923e-01   9.6358751190315187e-02  -2.9365053834934668e-01  -3.5996786877238213e-01   8.4091805240597534e-02
   5.5025517337981181e-02  -4.9651807298602341e-01  -3.5015308468052585e-02  -1.6900275187171421e-01   3.3225609955957869e-01  -2.7995742168125576e-01  -1.8576598669917535e-01  -5.0972203872692112e-01  -4.3392787308011799e-01  -2.2195666786462317e-01
  -3.1217156896402259e-01   2.2893574373150419e-01   1.5621113427345054e-01  -5.2089066249426674e-01  -1.3195157655756737e-01   3.9946714489727503e-01  -2.9831406154891538e-01   1.8074618547719246e-01  -4.8936028704473583e-01  -1.2762901002769744e-01
  -1.0368674104941708e-01   4.4366543982868455e-02   6.0254762885822211e-01   5.7590199739204824e-02   3.7453937092405437e-01   9.1702189245799912e-02   3.9283632467467222e-01   7.0638009808907803e-02   1.2086707825278151e-01  -5.4616151864920803e-01
  -3.5384116970950528e-02  -1.0891664109798584e-01   3.4033056078672386e-01  -2.1262198644425731e-01   1.3085202170487809e-01   5.1400348004992880e-01   2.2580786358906382e-01   1.7498491708441813e-01  -6.3251478154998297e-01  -2.5069192129106138e-01
  -3.8731825599063524e-01  -2.9836753879417410e-01  -5.9308561833793227e-01  -2.4947481071770813e-01   1.6156212594446612e-01  -1.6190482469446552e-01  -5.2856451227402488e-03  -3.8969678079726422e-01  -2.6223535001104736e-01  -2.7202712715054750e-01
   3.6708084809434494e-01  -2.1479210986586939e-01  -2.1740815716181670e-02  -5.8213655570478740e-01   2.6627323186811080e-01  -2.6074964376488668e-01   4.9020046711163029e-01   1.4659710007155977e-01   1.7057869387644076e-01   2.2357159636773141e-01
   5.2900831561496525e-02   1.9501692208789076e-01   5.6844099407275761e-01  -2.0937907589811480e-01   1.6306377638943803e-01  -4.3492245117374700e-01  -2.5489709953669076e-01  -5.1983128826215363e-01  -1.9934333329665424e-01  -3.9024903707754736e-02
   1.4506758361585184e-01   2.0459158608497580e-01  -1.9591745795946705e-01   4.3725647391759070e-01   1.4751718416145432e-01  -4.7951813524169618e-01   2.1007370013260995e-01   2.5282079964494586e-01  -5.6996124372386370e-01   1.5138265275313939e-01
   3.2006612208604307e-01   4.4550832287203279e-01  -3.5219448845846674e-01  -4.5709350093783241e-01  -6.4240102359594153e-02   1.1487640923152663e-01  -5.1775881748910269e-01   2.0715359615942300e-01  -1.9141166533113632e-01   3.3999620306614339e-02
  -2.2908152765916137e-01  -8.3940357346104402e-02   7.1742334132979299e-02  -2.4891096212559929e-01  -8.2167440543816817e-01  -1.7398564288753643e-01   1.3237050691600460e-01   1.3152658578877588e-02  -2.3355030614854214e-01   3.0937278323518030e-01
   3.0180636881946926e-01   4.3503635556781850e-01  -1.9410726088651659e-01   8.2518934990260265e-02  -1.6416244138680983e-01   2.9318169623738582e-01   4.7671902519829296e-01  -5.7872579004648894e-01  -8.1311977596823393e-03  -3.7124270803920610e-03
  -3.3986454761315554e-01   6.8517950648870216e-02  -2.3409918393285854e-02  -1.7705715075403146e-02   3.4639525845963243e-01   2.7731606730642672e-01  -7.2823195636795554e-02  -1.4211043134050716e-01  -8.7013188837538738e-02   8.0558804563451747e-01
  -5.7325859627459053e-01   6.1123974025034866e-01   5.5040969796699042e-02  -2.0155499537119517e-01   1.0634038520017070e-01  -1.2717858085855482e-01   2.8534626491898596e-01   2.5234607882870669e-01   1.9658437147467314e-01  -2.0706887442462002e-01
   1.4711589189009227e-02  -1.6213249885902831e-01   6.7028670116031558e-02   7.1836469166047601e-01   1.0989033160390767e-01  -2.1546607439639809e-01  -5.9823444063555144e-02   5.2459399495348016e-02   3.3053113078589907e-01  -5.2808405907185574e-01
   4.8002889026742501e-01   1.7499138962082603e-01   4.5487866239983260e-01   2.4128080559806173e-01  -4.7408874865031680e-01   4.0822183575464285e-02   3.4778695887705335e-01  -7.2977574715174229e-02  -3.4642454614678031e-01  -3.3184330527135757e-02
  -1.9378633645823529e-01  -2.2464838749084678e-01  -3.4091952208619286e-01   1.0165425744935719e-01  -1.3377534101461322e-01   3.4381347977358007e-01  -1.1598010777776491e-01   2.2006595008911495e-01  -6.6087271241721302e-01  -3.8817978909108181e-01
   2.0140245593989020e-01   2.5799972165501789e-01  -7.1420460895565796e-01   3.5315171481649871e-01  -1.3453542450680067e-01   2.3824559854017768e-01   2.2918983794785069e-01  -1.8647008697145914e-01   1.7463145900984903e-01   2.5575939852795443e-01
  -5.1284631865311303e-01   6.0651798978503546e-01   1.6742957127529351e-03   2.1472223607320010e-01   1.8621000825750085e-02  -4.0739574255534095e-01   1.4023162031956676e-01   2.4889326174291895e-01  -2.4867373685425370e-01   1.1509438030216908e-01
   4.5508140968940425e-01   5.8943456188129288e-02  -2.5758348887618981e-01  -1.7343875000684419e-01  -2.6188479346040633e-01  -3.7237988472700290e-01  -2.9862387191396289e-01   6.2310420950481737e-01   8.7308375691803386e-02  -2.6231220741527353e-02
   1.0021653094633121e-01   4.1223519868066177e-01   1.9964030905508731e-01  -4.0858239811356410e-02   3.2139235063382865e-01   6.1543848414945279e-01   8.2630554826748345e-02   4.6433590050724594e-01   2.1462526159892334e-01  -1.6714044486100502e-01
  -9.1860330160834031e-02  -1.4888213390681812e-02  -1.9237563379905487e-01  -4.1861399279937533e-01  -1.2133358918445690e-01  -1.6524760178920606e-01   6.6563678230085210e-01  -5.7747137231663886e-03   1.8586443670914835e-01  -5.0932709483458516e-01
   4.4377916451058841e-01   2.2734875691814987e-01  -1.3805662702878871e-01  -8.2023352400360697e-02   6.4383411581507810e-01  -2.4242275478847355e-01  -2.6589345749191889e-02  -2.6969560493134365e-01  -3.6826283623129097e-01  -2.0792725498623890e-01
   7.5549215805314165e-02  -4.8257116970891817e-01   1.3744560030812863e-03   1.7568289943805609e-01   3.5454296325988832e-01  -8.6377582187415411e-02   5.0003776606592909e-01   4.1247856003447586e-01  -1.3342349399213663e-01   3.9926313834571098e-01
   7.0840857476143207e-03  -4.5042960127503556e-02   2.8249620630557453e-02  -1.1325403738862203e-01  -5.6638706020264984e-01  -3.9688803731606331e-01   3.9300707153913045e-01   2.2085522432313068e-01   2.3054494886206009e-01   4.9959929088769650e-01
   1.8599425333881051e-01  -2.5718867599996364e-03  -2.8927174717423687e-01   4.7728639584693217e-01  -2.2541704096710713e-01   2.4065156617976433e-01   8.9249282709613700e-02   4.8307905672043977e-01   3.7824089828777036e-01  -4.0099385337293253e-01
  -4.5747753876784608e-01   2.5958311574882764e-01  -7.0937779483508312e-01  -3.7569075152177756e-01   1.3117256055743659e-02   2.3595134291054876e-01   1.1531394014061128e-01  -9.4393923817552797e-03   7.2171059445086033e-02   6.7307827097027345e-02
  -1.3642921812768977e-01   8.3797743909386668e-01   3.1184681008928578e-01  -8.7882011833804851e-03  -2.3603302153471084e-01  -8.7316137626802529e-02  -3.0348702549124712e-01   9.1052900456370114e-02   7.1930905430200809e-02  -1.1380008323340944e-01
   3.8178320345484362e-01   1.1771305527886559e-01   2.7524882730237288e-01  -5.8008445873285563e-01   2.7071581205941780e-01   2.6022597237604023e-01   3.4178706161786621e-01   1.3037200085534709e-01   3.7077386538935864e-01  -1.2582609042538345e-01
  -1.4438384377651739e-01  -3.6631595769922970e-01   1.9391262076332974e-01  -3.7166236119763463e-01  -4.3626051633836405e-01   4.1271585745687367e-01  -4.5133528247313037e-01   2.9860263727286729e-01  -1.2471750858933284e-01  -1.2319225486598910e-02
  -5.6914437654235617e-01  -1.6252400210532245e-01   2.7489026229293284e-01   1.6847718938156522e-01   4.0025124500678227e-01  -1.0367294553686483e-02  -1.2143113716382441e-01   2.0229258371305681e-01   5.2889366673465710e-01   2.2362143593228076e-01
   5.7639521191988688e-02   7.4244749211125644e-02   1.1782319621303471e-01   2.6631223664481968e-01  -2.5136491795291999e-01   5.9279871154652453e-01   8.5039166903558783e-02  -5.6934000369997295e-01   2.4345385861566127e-01   3.1798863890778228e-01
  -2.5220268575898974e-01  -2.1697395835285738e-01   6.4814076814718000e-02  -1.6624162898835754e-01  -2.8725179965166042e-01  -2.8205303308986396e-01   5.5086760515601504e-02  -4.6726448087532119e-01   3.3802905687775220e-01  -5.9981427416062694e-01
  -4.2426216444203324e-01   3.6430177490821364e-02   3.2870454607098681e-01   1.2874978121850703e-01  -5.4771703374231644e-02   2.2835481830056037e-01   6.2180757712064660e-01   1.4110649920469442e-01  -4.3256269020128257e-01  -2.1269514016822097e-01
  -8.6929597592850211e-02   2.8529022416393365e-02   5.1552960270577131e-01  -1.9187197599570530e-01  -3.8473596796703501e-02   2.9008321312798352e-01  -1.7683532114052644e-01   2.7556475087169896e-01   6.6581948585364814e-01   2.2998472741997322e-01
   1.5431333168389968e-01   4.4908954920866682e-02   1.6118375244312416e-01   3.7265608295033870e-01   5.2059942046226870e-01   1.6579568929541216e-01  -3.1447773751921598e-01   1.7625855814417526e-01  -3.6873893342189312e-01   4.9484758088832304e-01
  -2.7715197660692831e-01   9.9515810113843903e-02   3.2859329665528225e-01   3.2321836679468074e-01  -1.5195325413157731e-01  -2.3677913679715601e-01  -4.5012184718913029e-01  -6.4305502470646858e-01   5.6170860762487819e-02  -4.8999585513353212e-02
   7.8970264183099020e-03  -1.8083726986097798e-01   3.4709983329722399e-01  -5.2369228678223112e-01  -8.2956923067980540e-02  -7.2289825163241672e-02  -4.3420914477502015e-01   2.1399071177008147e-01  -4.8269223550919066e-01  -3.0508120727896687e-01
  -2.8140834637748574e-01   5.8786484833872588e-01   1.4462090961874893e-01  -6.7385425007716979e-02   1.3968532095615532e-02   6.0738211230000971e-01   2.1893393609176814e-01  -1.3688123329699511e-01  -2.7439050920207381e-01  -1.9672675847913654e-01
   1.5145884182325792e-01  -2.7220700260045593e-02  -3.9359992043519759e-01   2.8965775837162888e-01   7.1135356438947386e-03   3.8039652761180259e-01  -5.2328795892480295e-01   1.5614186001063518e-01   2.1270823756566182e-01  -4.9928874914162391e-01
  -8.7337909037155284e-02   4.6553186921645356e-01   1.9837324019810357e-01   2.5624438601728228e-01   2.0916737467430721e-01  -5.2070158851008064e-01   8.5212632916209674e-02   4.5768301216552199e-01   8.6341323080710894e-02  -3.6272324048366372e-01
   4.2564615679404283e-01  -1.2108463475552785e-01   3.8334065951314211e-01   4.5155041607653151e-01  -5.7476843726420301e-01   1.3741601674725740e-01   2.2020615237341817e-01   1.4169591889232347e-01  -1.7527916136178642e-01  -6.9158046692838593e-02
  -6.0385668946236326e-01   1.9665639419383561e-02  -2.7204481345506387e-01   1.4555299147310904e-01  -4.7912240448579413e-01  -2.8245207264028838e-02  -1.6380628123348523e-01   3.9784405619088514e-01  -1.5928833122363859e-01   3.1453946313238168e-01
   4.8598267338379597e-01   6.1357116309008131e-01  -2.0892747245066254e-01  -2.5768549699121529e-01  -3.0595855172883096e-01  -1.5049150872303402e-01  -2.7265173138498566e-01  -5.2317116274720160e-02   2.1993740139322229e-02   2.8893020511743239e-01
  -4.4597636813478697e-01   2.7409454170858405e-01  -1.9511441862398886e-02   3.6448628123149979e-01  -1.8663277899837852e-01  -3.8054527081689282e-01  -4.5787730177710317e-02  -7.1784119009912729e-03  -3.0437548892455413e-01   5.6418732197142429e-01
   4.6871944346309097e-01  -1.9503191373923498e-01   4.8924282036430394e-01  -1.2921565183823647e-01  -2.0720887734005863e-01  -2.8010802491629322e-01  -3.5404564456621607e-01  -1.4153240098580705e-01   2.3571183905867849e-01   4.0481301791850316e-01
  -7.9695180992891412e-02  -1.7525539332632781e-01  -4.9254926924309120e-02   3.6643348398821007e-01  -5.2380115673366623e-01   5.2817695980960411e-01  -2.4337558750817806e-01   3.9543533953428495e-01   2.2742059379937177e-01   7.4667367180331443e-02
   2.3549305558670720e-02   1.8424336474015687e-01  -4.4807056653966548e-01  -2.8249503835892886e-01  -4.8710201046939555e-01  -4.4995606957171103e-01  -3.3017867629752889e-01   6.9782847039288567e-02   7.3300789471053215e-02  -3.5487982550859321e-01
   1.3690928753772379e-02   4.9802010087294518e-01   1.9142318784870324e-01  -2.0483392542839329e-01  -4.6325805622116317e-01   3.7268204652303577e-01   2.5092576373841918e-01  -5.0597697340917425e-01  -2.6046743548388693e-02   5.8275133546308042e-03
  -6.1139217188862338e-01   1.0605822232028184e-01   2.2355153491909865e-01  -1.5818701234721819e-01   2.5923670721174252e-01   9.5052970987876378e-02  -5.0587817638242960e-01  -2.0325773816206896e-01   3.9399095498411585e-01  -1.0610748446679685e-01
  -1.3553411426079165e-01  -6.3784936118870694e-01  -2.9151297307140855e-01   1.2319293812567944e-01  -1.5032222077565427e-01   3.1887565874135250e-02  -5.9335723517071622e-02  -6.5245349281612341e-01  -1.4741718095989056e-01  -7.7898843390444674e-03
  -2.8687281397215242e-01  -2.5260688194344405e-01  -1.7661582901109921e-01  -5.4594612112140872e-01  -1.1693020996886339e-01  -2.8190089330739045e-02   4.3193583248553380e-01   1.8510368019007109e-01   3.4811686142378762e-01   4.1007169302628849e-01
  -3.0273070577750677e-01  -3.0177420847564329e-01   5.5528611609873357e-01  -2.1948969265163085e-01  -2.7089867770772574e-01  -9.9630394231662700e-02   7.7780906637257466e-02   2.2687766083567665e-01  -4.6085856464827507e-01  -3.2793563834116352e-01
  -9.0565189764253415e-02  -3.4242952817543727e-02   2.1432154596273645e-01   4.5605554595388981e-01  -1.3830918946362475e-01  -3.6827807058719508e-01   4.3507459279648303e-01  -9.9596611102307941e-02   5.3243521852919129e-01  -3.1503993903998162e-01
