  -6.1470080261078051e-02  -2.0405246218780312e-01  -2.6076815976417789e-01   2.3070182984635468e-01   8.6328383381035112e-01  -1.8810551242818246e-01  -1.2138759364675146e-01   1.3262147674159666e-01  -8.7785155581851501e-02   1.1264260036670241e-01
  -5.7720582882422533e-01   3.9636786532898943e-01  -2.7967744674796741e-01   3.0719978900237321e-01  -2.5632922045556522e-01  -4.3976696596049308e-01  -2.6996177130424098e-01   3.8108215669190940e-02   3.6187257795791378e-02   4.8928484749355662e-02
   1.4401316634398672e-02  -1.9746515260216024e-01  -5.9573227228287917e-01  -4.0075963384201607e-01  -9.1725911558924247e-02   2.2849422358053668e-02  -2.3999364925995451e-01  -5.1523160756615471e-01  -3.2817916377831857e-01  -7.4813285040361555e-02
  -2.9140526771351888e-01  -5.1162406284709705e-01  -8.0348449713970566e-02   1.1437393750383414e-01  -1.5015777742907213e-01   5.6348814558895080e-02   4.9535967902679168e-02   3.5219264013624807e-01  -8.5018804482910576e-02  -6.8872513043342809e-01
  -1.1764617132388787e-03   1.1738101444764831e-01   1.1571862583593104e-01  -6.1669200887468689e-01   9.0563373360285096e-02  -4.3057839415080450e-02  -5.8572668783681392e-01   4.5489492306881973e-01   1.7107520034364990e-01  -5.6505831819763069e-02
   4.3460855954778099e-01   2.1410857948910711e-01  -3.9823978091006185e-02  -5.4401810605441817e-02  -8.9674387402985639e-02  -4.9385953411872979e-01   1.9759378070205319e-01   3.1722385610006865e-01  -5.9594167913035911e-01  -1.1818592452955598e-01
   1.3339868149935644e-01   4.3549575108593264e-01   1.5431855667044442e-01   3.2748818662365853e-01   1.5553255771683799e-01   4.2266108471517033e-01  -4.0835773776233197e-01  -1.6349143302604272e-01  -2.9947182915825526e-01  -4.1890795777141038e-01
  -5.3978525975319225e-01   1.5988680321526305e-01   4.2224872896048943e-01  -3.8829795793324290e-01   2.8018035041969158e-01  -1.0168214491297790e-01   3.0798009347652783e-01  -2.5389306018203966e-01  -2.9109847356560931e-01  -1.4528164926398288e-01
  -1.8747428168486160e-01  -3.6763295299218729e-01   3.0689858397837999e-01   1.4421737808241036e-01  -1.9663137029456579e-01   1.5041434085563365e-01  -3.1411304223253161e-01   1.2447448245531155e-01  -5.3515589507216499e-01   5.0286470422923324e-01
   2.1150533603633101e-01  -3.0084601756981166e-01   4.2562422691512714e-01   1.2893492228225858e-01  -2.1836452159956631e-02  -5.5692612149452725e-01  -3.3157366007659606e-01  -4.2096394765731698e-01   1.7557832804566167e-01  -1.9584163962372006e-01
   1.7630796624813921e-01  -3.5139222884030197e-01   3.3979744269218258e-02  -2.6997814965975758e-01   7.3781613215855757e-01   2.6469597092419522e-01  -2.7250356053149266e-01  -2.2963256071223254e-01  -1.5511822924534685e-01  -7.6867469394126794e-02
   4.9866893864821120e-02   1.4486790072427108e-01   6.1553698080815102e-02   1.9594220762390105e-01  -1.8489597753648909e-01  -1.1079955389640715e-01  -3.7701600381330569e-01  -3.0076501051729310e-02  -7.4386187000358117e-01  -4.3761303615769670e-01
  -2.2248418404817155e-01  -9.7988545157660270e-02  -2.5110924684632824e-01   2.8938814673283497e-01  -9.7095222461316119e-02   2.5800477996261229e-01  -4.0092543497122302e-01  -1.1496897819924935e-01   5.2177009048943601e-01  -5.2144092009770848e-01
   6.6929943082357835e-01  -4.7523339677375105e-02  -1.0749094981042540e-01   5.8272257389512894e-01   7.5655658106381932e-02   2.9388195137999290e-01   1.2738740248540881e-01   2.9268669410423986e-01   1.0102429268499255e-03   6.8377261631250519e-02
  -5.4183643687673422e-01  -1.1177057763468747e-01   2.0119058896973252e-01   1.7500289967902627e-01   1.0476247761435059e-01   3.5829725890943226e-01  -2.0217492662391490e-01   5.8318273168692691e-01  -1.5924658928081176e-01   2.7772030446689744e-01
  -1.5051955701141057e-01   4.5338022991825100e-01   5.8329655449124296e-01   2.6740345075291999e-01   2.6520837441035172e-01   2.2534415112774892e-01   3.2662509466890244e-01  -2.8823291909244969e-01   6.7750199222029503e-02  -2.1114693510661506e-01
   1.3281235464674185e-01   7.2070700545319555e-01  -1.6549430984417884e-01  -1.4516212950846044e-01   3.2206979587437157e-01  -1.7879288046640732e-01  -3.9327587043638063e-01   2.8940104293126562e-01   1.8381824495566648e-01   8.1104942474734112e-02
  -1.7727898260866057e-01   1.0051595840553029e-01  -4.7769774044998009e-01  -1.9720355017478633e-01   2.0023812734578689e-01   1.4702620769156782e-01   5.4564419429774447e-01   3.0844474809451983e-01  -1.7804582686241774e-01  -4.5288657934005416e-01
   1.4796549678626481e-01   2.6709262074335932e-01  -6.7992713564977630e-02  -3.9345502194188853e-01  -3.9514231146244888e-01   7.2847374948715216e-01  -7.7290926939570237e-02  -1.6415249046069177e-01  -9.2864654726214815e-02   1.3777756968106070e-01
  -2.8594447861501127e-01   1.5738412083058020e-01  -5.2870344296023486e-01   3.8536812747610399e-01   1.5816828332638994e-01   3.6220412302727767e-02   2.6569715826504411e-02  -4.6740073138983235e-01  -2.1517418980704284e-01   4.1669127637588332e-01
  -2.6446855808492364e-01   6.9027356407660431e-02  -1.0183784295872028e-01  -3.3451148145481802e-01  -4.3801181986969795e-01  -1.5097606323718218e-01   1.1615114530014249e-01  -8.4255921305262826e-02  -7.5036118946211738e-01  -6.8866093773139181e-02
  -1.1423972764349462e-01   1.7811756129998602e-01  -3.6878964487532084e-01   2.2748869857155826e-01  -4.8166110814885144e-01  -1.8520556368285607e-01  -5.1479063657876167e-01   2.4232262224133347e-01   2.4806235856613906e-01  -3.4044588177960944e-01
  -2.2483453337101172e-01  -1.1898758259167615e-01   2.8629152415025860e-01  -9.0229750159251138e-02  -4.3401216378195495e-01   5.3908933365709150e-02   5.5709800565145984e-01   4.7098117579243043e-01   3.4792012366036557e-01  -2.6163781682474827e-02
  -2.4921618954475308e-01   5.3096889442288986e-01  -5.0237343455765981e-01  -1.0651539159528421e-01  -2.9425322386093630e-02   3.5230600397948214e-01   2.4128658169809683e-01  -2.0161258325148396e-01   2.2727056238923210e-01   3.4166445649064586e-01
   4.3105197222085267e-01   5.4312808503064103e-01   4.8244541306339289e-01   1.6149944949773104e-01  -3.1197632760811606e-01   2.5727557324578715e-01  -1.5625697275108455e-01   7.8341165437878696e-02  -1.6054870211873787e-01   2.0129832750715973e-01
  -2.1218142950798977e-01   1.3590338508672856e-01   3.9227006671400788e-01  -6.6454605837016054e-02  -1.8538873301684311e-01  -2.3904220515362240e-01   1.0494860773797627e-02  -7.2652709491690060e-01   3.2442142902883170e-01  -2.3131387221411948e-01
   6.5451367841759267e-01   1.5903308202873240e-01  -2.9854105781157025e-01  -8.7468766366136902e-02  -3.0608980012373471e-02  -1.7845958059709149e-01   4.5485841513423209e-01  -8.1502060528200596e-02   3.8015232616432887e-02  -4.4919274496802925e-01
   3.6817403949790017e-01  -3.7425892897812729e-01  -1.5957015043207748e-01  -2.6277328891773077e-01  -3.9942105710560200e-01  -2.1223886138538203e-01  -1.3437302671640644e-01  -1.6861270918492460e-01   1.9502488227678799e-01   5.8374833668815140e-01
   9.1965060706742791e-02  -3.7666488479168880e-01  -5.0498078037117110e-02  -1.2077871546298401e-01  -2.2413706872748596e-01   7.8463646367612094e-01  -1.2422373442680336e-01  -2.1203092068391657e-01   1.0917250767092847e-03  -3.2595520104327991e-01
   3.3492941268115674e-02   2.1616613381056615e-01   1.2454924008351853e-01  -8.3371317186695382e-01   2.1096465872532802e-01   3.4940252330780966e-05  -2.9666799889712264e-01   2.4021008316321865e-01   1.7948990720461083e-01  -1.3829229358725861e-01
  -3.6097072519587614e-01   2.2294659184113827e-01   8.0261481139052654e-02  -1.1258013456918586e-01  -1.1665120380546760e-02   8.3084781446556510e-02   5.0823951175219284e-01   2.0373681195108809e-01   6.1874868441698794e-01   3.3342702413626663e-01
  -1.6649975770352771e-01   1.4628353649122877e-01   2.1729924347602100e-01   4.0575350633931739e-01  -1.1803000720318822e-01  -4.7112542274641378e-01  -1.3641495333086123e-04   5.8532675308968996e-01  -3.4529534967487729e-01   2.0321795431841494e-01
  -3.1095742950657729e-01  -8.1763099356489247e-02  -2.6386066869027358e-01  -8.1361137925499066e-02  -6.5663902234831895e-01   1.9777105556110644e-01   2.6836594364495575e-01  -2.1521872388353061e-01  -4.3366292018560387e-01   2.0901455002308722e-01
  -2.8516153496168047e-02  -2.1236787711814634e-01  -7.3159565995927123e-01   3.2437661925296346e-01   3.5911402994090502e-01  -1.6726136004698672e-01   3.7536161167046050e-01   5.4290417734709523e-02  -2.3390728865890848e-02  -1.1092406742088655e-01
   2.3537386416015677e-02  -7.1460448459073944e-01   4.6678489163242903e-01  -3.5508847054365844e-03   1.6123601626973158e-01  -1.8502330552095739e-01   3.5358306818100854e-01  -2.1329105433146792e-01  -8.1035430911382766e-02   1.8323264079160248e-01
  -4.4513463953236387e-01   8.6225016546353173e-02   7.4073082406459836e-02   3.3495217726015419e-01   4.6437568360970710e-01   4.0749256276074042e-01  -2.6266086568292563e-01  -2.2859852013795917e-01  -1.9338122574063385e-01   3.6932552057587592e-01
  -2.5741840034331731e-01  -2.9573086302946555e-01   1.7722720044836307e-01   2.9387464395873186e-01  -1.4956849403429118e-01   4.7725050466206820e-01   4.1465266214299266e-02   3.4430901240542539e-01   9.1228276837587399e-02  -5.9142015137077841e-01
   1.8750906732742537e-01  -4.7249197588707920e-01  -2.6339500812504069e-01   5.4126911408211298e-02  -2.0828359140515967e-01   1.5122242513636935e-01  -4.3323936929743917e-01   3.1841890659613770e-01   2.9310756352831374e-01   4.7753089769265794e-01
   6.0764354095546169e-01   2.1735966730425324e-01   1.3159077944193165e-01   5.6680385276534961e-01  -1.6081086075221920e-01   2.8908920206912109e-01   2.9074846522438713e-01  -1.5209864207173229e-01   4.5074240019083132e-02   1.6064964260209991e-01
   2.7407455255744817e-01   3.2644540400092154e-02  -2.6401828746630209e-03  -4.3368856713960363e-01   3.0420453634432476e-01   4.1177100073094752e-01   2.4660465314579616e-01   4.7517755072918372e-01  -4.1119479999978897e-01   1.3394121694551589e-01
  -5.7269111409186013e-01   1.7042560065653359e-01  -4.0186478830876698e-01  -7.7523286472082245e-02   4.8371678301042262e-02  -1.4012625749351329e-01  -4.0507174982924116e-01   1.0112224278180433e-01   4.0365169914620380e-01  -3.4096352067903146e-01
   2.2220772815023415e-01   3.4237107437678355e-02   3.5753751329892980e-01  -2.9770216227955975e-03   3.4589323563201441e-01   5.3704955406750288e-01  -5.7866582871223748e-01   1.5102902007607585e-01   2.2972563190472539e-01   5.5744809555811778e-02
   1.0916230974344705e-01  -3.8913554419410329e-01  -4.6400180425013932e-01  -6.1809260172880374e-02  -2.3457648224800556e-01   5.1532470339836922e-01   2.3361972048360030e-01   4.7465857975732417e-01   1.1410790284006113e-01  -6.3669685114915373e-02
  -4.8868027109207630e-02   2.8820317673340640e-01  -3.1272163371073536e-01   7.8373122163432973e-01   2.3897374454676820e-01   1.0203364072061416e-01  -2.9460043940291048e-02   1.5631488983264746e-01  -3.0530315675118980e-01   1.2841271734555854e-01
  -3.3682971344983681e-01  -4.5560384145982474e-01  -1.8505074681784434e-01  -2.9321688405551100e-01   5.0819109706551358e-01  -2.1177955936919519e-03  -1.2081132686064913e-01  -5.7135963298440000e-02  -4.2617909992561542e-01   3.1780460566703755e-01
  -2.4547076588944550e-01   3.3497083735493996e-02   4.5676293801837886e-01  -1.9792967925087935e-02   2.6911099211021700e-01  -1.5043596927379829e-01   3.0931663243161445e-01   6.5713351776179496e-01  -1.1033830320225663e-01  -3.0801041866165729e-01
  -1.5247666645021560e-01  -6.4551688730007351e-01   2.6641487168484096e-01   4.7197626402306875e-01  -3.2240368804780772e-01  -2.4448134375859107e-01  -2.9297917419279634e-01   6.0785227366321193e-02   1.0134269213110665e-01   5.2944212193087682e-02
  -6.3682346223014763e-01   1.7521029939940938e-01   2.8002800606999623e-01   3.2257394948955201e-02  -2.8476268220952777e-01   4.7159009731290202e-01   2.1302777776465434e-01  -1.5417399931454107e-01   3.8153654335648150e-02   3.3197566576368015e-01
   4.1289549417590034e-02  -7.2935522748849083e-02  -4.9632675138093135e-02   1.1753612677573760e-01   3.8070764649806993e-01  -1.9328543223333308e-01   3.4838980471056596e-01   2.1802490680360304e-02   6.8052977526982084e-01   4.5763335654297349e-01
  -6.4310838353615021e-02  -2.7182381430828806e-01   5.3357221054855269e-02   2.2790675261442273e-01   3.2439531611371292e-01   2.7167797686358097e-01   2.8766547542290433e-01  -5.0418312346853744e-01   9.7009405864899770e-02  -5.8462238438410752e-01
   1.5770285270716558e-01  -4.2361683366931896e-01   2.8634197105002041e-01  -3.4787417429468220e-01   7.1157194644485902e-02  -2.0423060595117221e-01   3.4745635398737373e-01  -1.6406069303965626e-01  -6.2587730125040608e-01   8.0825188213746707e-02
   4.1508480746598098e-01  -9.4421051899204245e-02   9.2016824130873101e-02  -3.3141972191150793e-01  -3.5795925252188776e-01   1.8469770830283330e-01   1.1265327375481658e-01   7.0275735616095036e-01   1.6290883409340953e-01  -7.1673703016630189e-02
   1.7364767658421526e-01  -3.0981072046461031e-02  -5.9793966859895065e-01   2.8328430716671449e-01   1.8827370609162397e-01  -3.6207151086080841e-01   9.7873158904080951e-02   3.7276163921848549e-01  -2.1703908402551786e-01   4.1100569988353997e-01
  -5.6877141430933498e-01  -2.4212443313874490e-01  -4.2695593632492246e-01  -1.6102050687417163e-01  -3.6188601568673356e-01  -8.8687122883363889e-02  -7.4727364417292552e-02   1.4386364591205453e-01  -2.3299989974335616e-01  -4.3618698621286983e-01
   3.7107442808160856e-01  -4.3325636954231922e-01  -2.7324846358351662e-01   2.0757604566901663e-01  -5.0317369707310133e-01   3.6366566358131797e-03   8.7204560274128512e-02  -4.7151693649116061e-01   2.6660115801921663e-01   5.1323684620982780e-02
   8.2850958563174412e-02   4.2709574104534132e-01  -1.0204024393778842e-01  -5.3309744102712342e-01  -3.3912748346726795e-01  -3.3280127658566433e-01  -3.7049071422599078e-01  -2.0895660549295103e-01  -5.7368572406720254e-02   3.2578877894558017e-01
   9.6396897441966792e-02  -1.4240743017999080e-02  -2.2110888622223784e-01  -8.0371220555452445e-03  -3.7115693279057308e-03   7.7023269475094736e-01  -3.1447663150482563e-01  -6.2229812359228649e-02  -4.4452432981373147e-01   2.1888111747949623e-01
  -5.7759742312239251e-02  -4.0273804431686910e-01  -2.7864303398642637e-01  -5.3147726371846582e-01   5.1108522866623174e-01   7.9750023715990645e-02  -1.1635204657777001e-01  -6.4000137573748617e-02   4.2318354982730239e-01   1.0034713323644207e-01
  -5.1378796991222875e-01  -2.7399127260529427e-01   2.9549783860127804e-01   9.0707696472653199e-02  -2.5896905678270421e-01   5.9894609591104209e-02   1.9771621592813003e-02   1.5369962633795980e-01   1.4895206844483574e-01   6.6973897767142021e-01
   1.6737035381017010e-01  -3.8007311521404680e-01   2.6606573255021254e-01   2.1195675200549707e-01   6.2572133426440149e-02  -2.6690762788936767e-01  -7.7053729019000028e-01   1.4827330307159126e-01  -8.4280201630239554e-02  -1.1766120400429857e-01
   3.1210521188600465e-01  -1.7703947169817646e-01   2.2244676200599689e-01  -1.6486136697706646e-01  -2.7647004763492455e-01  -6.8448556586718168e-01  -1.9959926602182221e-01   3.8187422682819960e-01  -2.2688059682238840e-01   1.1174415188089919e-01
  -2.5010161280548272e-02   1.7597190017581907e-01  -2.4073269900081121e-01   9.8916131526371673e-02  -5.4341547034781534e-01   1.1459440739926166e-01  -3.1418090527089559e-01  -1.0366932286210588e-01  -3.5533125676716759e-01  -5.9709482106369316e-01
   3.9600788211173299e-01  -1.8687040833368881e-01  -6.3036454973925460e-01  -1.1709264081156588e-01   4.1813861651609475e-02  -1.7540023762384999e-01  -2.8984615915335815e-01  -4.3746174264246396e-01   2.4131599308053561e-01   1.7622835339829887e-01
  -1.2175905560362152e-01   2.4069745932218975e-01   4.1295363362584747e-01  -3.5205616512143306e-01   3.1640970510006539e-01  -1.4330446185935625e-01  -3.5045636908077199e-01  -5.5598765676282302e-01  -2.8274657893294386e-01  -1.5045905059828018e-02
   1.1160028977388342e-01  -3.7598104205976884e-01   4.6976609845657263e-01   2.1189200595697438e-01  -3.6157557328772416e-01   3.7810289703165839e-01  -4.0885200859659465e-01  -1.5574668570097594e-01   2.5920421456609227e-01   2.1977876616097833e-01
  -1.6140073703776334e-01  -2.2171524423690959e-02  -8.9998237810228157e-02   7.5213748004532810e-01   3.9867603231738385e-01  -2.0199692946117534e-01  -3.9569463582050868e-01   9.8522296735117199e-02  -1.7499632078231925e-01   5.4752311147595226e-02
   1.8250422963461896e-01   1.8450593161234222e-01   2.6269586544119733e-01   3.9832972502125552e-01  -1.5086272051076585e-01  -4.1438953049310118e-01   3.7367296785642784e-01  -4.0718275287776795e-01   3.5954308294792714e-01  -2.7530951081334470e-01
   2.1033018431934028e-01  -5.4033622209548082e-01   1.1907837664530986e-01  -1.2015594490944079e-01   4.1897162731520171e-01   5.8120100601398904e-02  -2.4975807035871392e-02   9.6887248613956783e-02   8.8044551851278269e-02  -6.6219553471265413e-01
  -6.6296316066016336e-01  -5.6931139927210983e-01  -1.0872087620401179e-01  -3.5820870516853211e-02  -1.9463119451254890e-01  -2.6481817726415069e-01   1.8185470986286231e-01  -2.6561784934678218e-01  -1.0189973222930543e-01   3.5263477890828704e-02
   4.1802603145427719e-01  -2.2991441416545103e-01   2.9768441629721077e-02   2.0096251365738474e-01   2.3299744302391189e-02   1.9508040245960215e-01   3.9693753421395317e-01  -2.5145227677587234e-01  -6.6247165385704132e-01   1.8128960239607350e-01
  -4.6119012009861005e-01   2.9687087406097218e-01   2.2650824029161681e-01  -8.1760728950820497e-03   3.2138008107734806e-01  -1.2756972818521312e-01  -9.3359482138107214e-02  -6.2726766063919359e-01  -3.3833240480767969e-03  -3.5503123276227910e-01
   2.3037518521781922e-01   1.8358030709601378e-01  -1.0689244465659155e-01   5.0537966692807157e-01   1.8231976294792906e-01  -2.9535042971410935e-01  -6.3097224722288814e-01   1.8627561420813423e-02   3.1080870523770937e-01   1.7562333574491737e-01
   4.6689907844520206e-01   1.0351869639864385e-01   2.1407147231770018e-01  -3.7980701863397748e-01  -2.4564887980406128e-01  -6.7708257291779927e-01   8.5517332099082979e-02  -2.2881054807187828e-01  -4.4109065550118218e-02   2.8493683845163615e-02
   1.9225226938491186e-02   3.9652792526896968e-03   5.8512227020828333e-01  -1.4154592408759384e-01   1.4572861627767308e-01  -1.4607735930941623e-02  -1.1706493136063435e-01   5.5165954155470620e-01   3.0163967242229506e-01  -4.5468911578904453e-01
  -3.5921821787032970e-01  -1.8286120263109149e-01   1.3169718715462256e-01  -4.9215298029189225e-01  -2.9595883251541155e-01   1.0906943948786929e-01  -5.5131129604117202e-01  -7.2962014377205439e-02   1.7075199376679215e-01   3.7423753175456692e-01
  -8.6138763710089591e-03  -3.4403420539678160e-02   4.0211861504196450e-01   5.0938389948030938e-01  -7.0588524715323198e-01   1.5269280749452216e-01   2.7269652106459385e-02  -2.0525682353149641e-01   2.6501315095843178e-02  -1.1137986951333212e-01
   3.5676943288859764e-01   5.4039053627354366e-02  -3.8639590233621207e-01  -2.2735201715873479e-01  -2.0343415667979634e-01   3.1286063367527289e-01  -3.7708720170776938e-01  -1.4360898096010549e-01  -5.9318059737309123e-02  -6.0266114680485183e-01
  -3.4605070483209771e-01   5.0084825054675430e-01  -1.3744449492927599e-01   2.4108892764305508e-02  -2.7196665095724026e-01  -2.5116959294672053e-01  -1.6037480009581620e-01   4.1838044706140470e-01  -5.1720042580051273e-01  -6.7949485807880031e-02
  -3.3412529393775862e-02  -7.0025337245810970e-01   1.0632862067179460e-01   1.5479770774332668e-01   1.5227264695940340e-01  -2.4094408435219614e-01  -2.6620814658726821e-01  -8.2541159622699367e-03  -5.4248451520726482e-01  -1.6369283297765491e-01
  -3.7229389702285692e-01  -2.9780584486040901e-01  -4.3649887540647292e-01   4.8134210902769980e-02  -2.3977126335890914e-01  -4.2849348095465417e-01   1.6932580284760629e-01   7.9486424628403579e-02   4.6399512416411814e-01  -2.9746099929996134e-01
  -4.6739915081267982e-03  -6.1355208851476506e-01   2.5072818736706964e-01  -1.5007143034326376e-01   3.6811373494143429e-01   4.2180649211311544e-01  -1.5914941757907383e-01   3.7241456401782774e-01   1.4884195105575049e-01  -1.9632223687898434e-01
   3.6610583435441224e-01  -2.9662417747903397e-01  -5.9642027525671115e-01   8.5114712430630957e-02   3.7668978894289050e-03   1.7295961122647327e-01   3.6005756931311472e-01  -1.2537719692862020e-01   4.1697934701344203e-01   2.5662632206513836e-01
   2.7519963854036494e-01  -9.2432123205980654e-02  -7.0273273388872584e-02  -6.3204840374092630e-01  -3.2670713952181735e-01  -2.6572579039721905e-01  -3.5924807062162223e-01  -1.6370836478815601e-01   2.8616550597832291e-01  -3.1016107342329852e-01
  -3.7238024216509885e-01   1.4422720037002363e-04  -3.6111750388889968e-01  -5.4413968089031128e-01   4.1085628370384930e-01  -2.1570379843287241e-01  -2.9719001860207039e-02   1.3318070613974328e-01  -1.7964708554152328e-01   4.1062718016334437e-01
  -7.6362880264169208e-02   3.0427903430798459e-01  -1.1941066433430148e-01   3.1484483472077851e-01   5.0532131040127559e-01  -2.4424042765171905e-01  -3.5345935072605522e-01   1.6109048681530840e-02   5.6321769314392556e-01  -1.7546112364457442e-01
   7.4769934748461137e-02  -2.3697281497404871e-02  -1.2177606537120890e-01   2.1390530562266735e-01  -3.7470861489684176e-01   9.0694476114361072e-02  -6.1746798884152854e-01   3.9295404498764880e-01   9.7318827056128224e-03   4.9885535328770703e-01
  -8.2263810131607856e-02   2.3438848037348850e-01   1.7365883546323188e-01  -1.5483133128808574e-01  -2.3561185626540379e-01  -1.6414889786284975e-01   4.5098967601996609e-01   6.6601508902588924e-01   3.9321392717687953e-01   1.1035707177694230e-02
   5.3219280399552393e-01   3.2347665482224913e-01  -3.3817737814509979e-01  -4.4869542338387032e-02   2.0476194921070798e-01   1.1365503059932236e-01  -2.5805327195094600e-02   3.9783272972503009e-01  -4.1458605169045393e-01  -3.3180287281478466e-01
   1.7018042499428146e-01  -4.9994892114615758e-01   1.7591980496589620e-02   2.8110362376202003e-01   4.9213315117490754e-02  -7.4980753438769465e-01   6.4811521206059319e-02   1.6906358690789866e-01  -2.0652501238038004e-01  -4.1134835313822019e-02
   5.6671250320564304e-01   1.5605413240425908e-01   5.2168469586447630e-01  -1.5739396601394207e-01   3.0548178650857194e-01  -7.1227747284265869e-02   2.5084824469748433e-02  -1.2628761941641575e-01   5.7881591914414027e-02   4.8911722546071601e-01
  -1.9017731139517194e-01   1.8799484783401695e-03   6.0903240660209600e-02  -3.3535589461466236e-01  -5.7904481194043393e-02  -1.2628815783521135e-02  -3.0362251153844055e-01   1.9316957438310542e-01   3.7967252129504858e-02  -8.4451242329733400e-01
  -1.6819497004530967e-01   3.3910508819477786e-01   3.9805152306941462e-02  -2.7817850623379575e-01  -1.9328030839048646e-01  -3.4067159164834365e-01  -5.5870402854836432e-01   3.1578222427846742e-01  -1.4724397143591381e-01   4.3679131968577117e-01
  -1.6420881748914043e-01  -3.1511840547499248e-01  -6.2375073591495432e-02  -1.1956412132874056e-01  -7.2122489228340114e-01   2.8416783446722454e-01   2.9926445763067916e-01   3.9172358640984506e-01  -2.2475153289672149e-02   1.0545712974422626e-01
   2.9011789010597794e-01  -2.4958118581258282e-01   3.1906164615783511e-01  -4.1924585042645074e-01   2.3380048448480129e-01   2.5394300066404862e-01   7.7075379894971912e-03   2.4934486053455118e-02  -6.7103212598553341e-01   7.6540586666371688e-02
   2.4732357375512257e-01   5.8553701345984666e-01  -5.0900197621542154e-01  -6.4494510761555879e-02   1.1602796290977882e-01   4.6662190987212704e-01   9.5377415525580544e-02   2.8546203449939722e-01  -8.9960255889538307e-02  -5.3461527303761511e-02
   6.1349153137649037e-01   2.7140963152833542e-01   4.6783992398807228e-01   3.3599373769437413e-01  -4.2126985720985960e-01  -7.4748091216458598e-03  -1.2077803570157075e-01   1.8242970933197870e-02   8.2221595809711737e-03  -1.6027182355731312e-01
  -3.6691560671623930e-01   4.3349795118585371e-01   6.1482793190901153e-01  -1.8610574636201149e-01   1.4505290184702077e-01   1.9580919296754298e-01   3.7772644705331831e-01   6.4542690744062145e-02   2.2904375003057303e-01   7.8218141350535661e-02
  -1.9950164246431781e-02  -1.1423531966863620e-01   5.3519327205220887e-02  -1.2647528443597628e-01  -8.1061091053997378e-02   6.3406735328276109e-01  -5.2042099372787687e-01  -3.6844932855266588e-01   3.5010040435414297e-01   1.7296371352009277e-01
   3.2399018013839737e-01   1.2120485345594326e-01  -1.5392378720111244e-01  -6.5594115299485567e-01  -2.3466048545266299e-01  -2.7688412240826249e-01   2.6091522379560472e-01  -4.1357741344067572e-01   2.3488594652643902e-01   1.9068789871764125e-02
   3.8324221954795384e-01  -3.0205338354699007e-01   8.0547616337793407e-02  -1.4882541491718040e-01   3.3294776261600095e-01  -6.0873874430005810e-02  -2.7718917786596242e-02   5.6223632303611915e-01   5.3640028154443242e-01   1.1869754595735804e-01
