   9.8445556040721616e-01   1.7563385090384567e-01
  -1.7563385090384578e-01   9.8445556040721616e-01
   4.2389818874684548e-01   9.0570984624058470e-01
  -9.0570984624058470e-01   4.2389818874684559e-01
   2.5302965047668025e-01  -9.6745852416506639e-01
   9.6745852416506706e-01   2.5302965047667969e-01
   6.4784346559788097e-01   7.6177348607189455e-01
  -7.6177348607189532e-01   6.4784346559788075e-01
   3.0591836757044799e-01   9.5205774634894502e-01
   9.5205774634894513e-01  -3.0591836757044810e-01
   5.9798284451810146e-01  -8.0150890055072987e-01
   8.0150890055072987e-01   5.9798284451810135e-01
  -9.9997745896640700e-01   6.7142802360357391e-03
  -6.7142802360359169e-03  -9.9997745896640688e-01
   9.0003872996643797e-01   4.3580991792340068e-01
   4.3580991792340068e-01  -9.0003872996643808e-01
   1.6897811804013532e-01   9.8561980277570194e-01
  -9.8561980277570271e-01   1.6897811804013424e-01
  -1.0793748769163182e-01   9.9415768304168872e-01
  -9.9415768304168883e-01  -1.0793748769163172e-01
