  -1.2338289743986479e+01  -6.4923305777962454e+01   1.5763787001078583e+01  -4.6521189826665648e+00
  -1.0817711410769258e+01  -6.2806676722089001e+01   1.6520937557372495e+01  -6.5973994078394922e+00
  -8.9599995987624297e+00  -6.0220761407608940e+01   1.7445958979267111e+01  -8.9739757042170947e+00
  -6.8580106873996343e+00  -5.7294814938609292e+01   1.8492614740956579e+01  -1.1663056426913720e+01
  -4.5585490468978795e+00  -5.4093988506435494e+01   1.9637599265758237e+01  -1.4604764604643679e+01
  -1.1745560518817994e+01  -6.7120097337465936e+01   1.7959883577155878e+01  -5.7243170349598715e+00
  -1.0224982185600773e+01  -6.5003468281592475e+01   1.8717034133449793e+01  -7.6695974601327990e+00
  -8.3672703735939447e+00  -6.2417552967112421e+01   1.9642055555344410e+01  -1.0046173756510402e+01
  -6.2652814622311492e+00  -5.9491606498112773e+01   2.0688711317033878e+01  -1.2735254479207027e+01
  -3.9658198217293954e+00  -5.6290780065938975e+01   2.1833695841835535e+01  -1.5676962656936986e+01
  -1.1021414936270194e+01  -6.9803948303546690e+01   2.0642885472266890e+01  -7.0342363880402816e+00
  -9.5008366030529725e+00  -6.7687319247673244e+01   2.1400036028560802e+01  -8.9795168132132090e+00
  -7.6431247910461435e+00  -6.5101403933193183e+01   2.2325057450455418e+01  -1.1356093109590812e+01
  -5.5411358796833490e+00  -6.2175457464193535e+01   2.3371713212144890e+01  -1.4045173832287437e+01
  -3.2416742391815934e+00  -5.8974631032019737e+01   2.4516697736946547e+01  -1.6986882010017396e+01
  -1.0202048888808019e+01  -7.2840708329504565e+01   2.3678684779908899e+01  -8.5164016717825941e+00
  -8.6814705555907974e+00  -7.0724079273631105e+01   2.4435835336202807e+01  -1.0461682096955521e+01
  -6.8237587435839693e+00  -6.8138163959151044e+01   2.5360856758097427e+01  -1.2838258393333124e+01
  -4.7217698322211739e+00  -6.5212217490151403e+01   2.6407512519786895e+01  -1.5527339116029751e+01
  -2.4223081917194182e+00  -6.2011391057977605e+01   2.7552497044588552e+01  -1.8469047293759708e+01
  -9.3057069597503244e+00  -7.6162758771041837e+01   2.6999684247817004e+01  -1.0137809946785911e+01
  -7.7851286265331030e+00  -7.4046129715168377e+01   2.7756834804110916e+01  -1.2083090371958839e+01
  -5.9274168145262749e+00  -7.1460214400688315e+01   2.8681856226005536e+01  -1.4459666668336441e+01
  -3.8254279031634795e+00  -6.8534267931688674e+01   2.9728511987695001e+01  -1.7148747391033066e+01
  -1.5259662626617239e+00  -6.5333441499514876e+01   3.0873496512496658e+01  -2.0090455568763026e+01
  -1.0417101508035195e+01  -6.4464277326359891e+01   1.6896780768125254e+01  -2.2099224935261743e+00
  -8.8965231748179718e+00  -6.2347648270486438e+01   1.7653931324419165e+01  -4.1552029186991017e+00
  -7.0388113628111446e+00  -5.9761732956006377e+01   1.8578952746313782e+01  -6.5317792150767042e+00
  -4.9368224514483492e+00  -5.6835786487006729e+01   1.9625608508003250e+01  -9.2208599377733300e+00
  -2.6373608109465945e+00  -5.3634960054832931e+01   2.0770593032804907e+01  -1.2162568115503289e+01
  -9.8243722828667099e+00  -6.6661068885863372e+01   1.9092877344202549e+01  -3.2821205458194811e+00
  -8.3037939496494886e+00  -6.4544439829989912e+01   1.9850027900496460e+01  -5.2274009709924085e+00
  -6.4460821376426605e+00  -6.1958524515509851e+01   2.0775049322391077e+01  -7.6039772673700110e+00
  -4.3440932262798650e+00  -5.9032578046510203e+01   2.1821705084080548e+01  -1.0293057990066636e+01
  -2.0446315857781094e+00  -5.5831751614336412e+01   2.2966689608882202e+01  -1.3234766167796597e+01
  -9.1002267003189097e+00  -6.9344919851944127e+01   2.1775879239313561e+01  -4.5920398988998912e+00
  -7.5796483671016874e+00  -6.7228290796070681e+01   2.2533029795607472e+01  -6.5373203240728186e+00
  -5.7219365550948584e+00  -6.4642375481590619e+01   2.3458051217502089e+01  -8.9138966204504211e+00
  -3.6199476437320630e+00  -6.1716429012590964e+01   2.4504706979191557e+01  -1.1602977343147046e+01
  -1.3204860032303074e+00  -5.8515602580417173e+01   2.5649691503993211e+01  -1.4544685520877007e+01
  -8.2808606528567346e+00  -7.2381679877901988e+01   2.4811678546955569e+01  -6.0742051826422045e+00
  -6.7602823196395123e+00  -7.0265050822028542e+01   2.5568829103249477e+01  -8.0194856078151311e+00
  -4.9025705076326842e+00  -6.7679135507548480e+01   2.6493850525144097e+01  -1.0396061904192734e+01
  -2.8005815962698897e+00  -6.4753189038548825e+01   2.7540506286833565e+01  -1.3085142626889361e+01
  -5.0111995576813406e-01  -6.1552362606375034e+01   2.8685490811635219e+01  -1.6026850804619322e+01
  -7.3845187237990393e+00  -7.5703730319439259e+01   2.8132678014863671e+01  -7.6956134576455213e+00
  -5.8639403905818179e+00  -7.3587101263565813e+01   2.8889828571157587e+01  -9.6408938828184496e+00
  -4.0062285785749889e+00  -7.1001185949085752e+01   2.9814849993052203e+01  -1.2017470179196053e+01
  -1.9042396672121953e+00  -6.8075239480086097e+01   3.0861505754741671e+01  -1.4706550901892676e+01
   3.9522197328956210e-01  -6.4874413047912313e+01   3.2006490279543328e+01  -1.7648259079622633e+01
  -8.0699589761118382e+00  -6.3903475848421508e+01   1.8280975096029064e+01   7.7374310660019052e-01
  -6.5493806428946177e+00  -6.1786846792548054e+01   1.9038125652322975e+01  -1.1715373185727369e+00
  -4.6916688308877896e+00  -5.9200931478068000e+01   1.9963147074217595e+01  -3.5481136149503394e+00
  -2.5896799195249933e+00  -5.6274985009068345e+01   2.1009802835907063e+01  -6.2371943376469652e+00
  -2.9021827902323949e-01  -5.3074158576894554e+01   2.2154787360708717e+01  -9.1789025153769241e+00
  -7.4772297509433541e+00  -6.6100267407924989e+01   2.0477071672106362e+01  -2.9845494569311626e-01
  -5.9566514177261336e+00  -6.3983638352051535e+01   2.1234222228400274e+01  -2.2437353708660432e+00
  -4.0989396057193055e+00  -6.1397723037571474e+01   2.2159243650294890e+01  -4.6203116672436462e+00
  -1.9969506943565101e+00  -5.8471776568571826e+01   2.3205899411984358e+01  -7.3093923899402720e+00
   3.0251094614524376e-01  -5.5270950136398035e+01   2.4350883936786012e+01  -1.0251100567670232e+01
  -6.7530841683955529e+00  -6.8784118374005757e+01   2.3160073567217374e+01  -1.6083742987735259e+00
  -5.2325058351783316e+00  -6.6667489318132297e+01   2.3917224123511282e+01  -3.5536547239464533e+00
  -3.3747940231715035e+00  -6.4081574003652236e+01   2.4842245545405902e+01  -5.9302310203240562e+00
  -1.2728051118087080e+00  -6.1155627534652588e+01   2.5888901307095370e+01  -8.6193117430206811e+00
   1.0266565286930458e+00  -5.7954801102478797e+01   2.7033885831897024e+01  -1.1561019920750642e+01
  -5.9337181209333787e+00  -7.1820878399963618e+01   2.6195872874859379e+01  -3.0905395825158397e+00
  -4.4131397877161573e+00  -6.9704249344090158e+01   2.6953023431153291e+01  -5.0358200076887663e+00
  -2.5554279757093283e+00  -6.7118334029610097e+01   2.7878044853047911e+01  -7.4123963040663696e+00
  -4.5343906434653469e-01  -6.4192387560610456e+01   2.8924700614737375e+01  -1.0101477026762996e+01
   1.8460225761552209e+00  -6.0991561128436658e+01   3.0069685139539033e+01  -1.3043185204492955e+01
  -5.0373761918756843e+00  -7.5142928841500890e+01   2.9516872342767485e+01  -4.7119478575191565e+00
  -3.5167978586584621e+00  -7.3026299785627430e+01   3.0274022899061396e+01  -6.6572282826920830e+00
  -1.6590860466516339e+00  -7.0440384471147368e+01   3.1199044320956013e+01  -9.0338045790696864e+00
   4.4290286471116147e-01  -6.7514438002147728e+01   3.2245700082645484e+01  -1.1722885301766311e+01
   2.7423645052129153e+00  -6.4313611569973929e+01   3.3390684607447142e+01  -1.4664593479496272e+01
  -5.4141823677038872e+00  -6.3268932599849002e+01   1.9847182033843588e+01   4.1497414536770663e+00
  -3.8936040344866658e+00  -6.1152303543975549e+01   2.0604332590137503e+01   2.2044610285041379e+00
  -2.0358922224798377e+00  -5.8566388229495487e+01   2.1529354012032119e+01  -1.7211526787346454e-01
   6.6096688882957721e-02  -5.5640441760495840e+01   2.2576009773721587e+01  -2.8611959905700899e+00
   2.3655583293847133e+00  -5.2439615328322049e+01   2.3720994298523244e+01  -5.8029041683000493e+00
  -4.8214531425354021e+00  -6.5465724159352476e+01   2.2043278609920886e+01   3.0775434013837595e+00
  -3.3008748093181808e+00  -6.3349095103479023e+01   2.2800429166214798e+01   1.1322629762108321e+00
  -1.4431629973113544e+00  -6.0763179788998968e+01   2.3725450588109418e+01  -1.2443133201667704e+00
   6.5882591405144098e-01  -5.7837233319999314e+01   2.4772106349798886e+01  -3.9333940428633962e+00
   2.9582875545531984e+00  -5.4636406887825522e+01   2.5917090874600540e+01  -6.8751022205933552e+00
  -4.0973075599876019e+00  -6.8149575125433245e+01   2.4726280505031895e+01   1.7676240483033485e+00
  -2.5767292267703805e+00  -6.6032946069559785e+01   2.5483431061325810e+01  -1.7765637686957891e-01
  -7.1901741476355241e-01  -6.3447030755079730e+01   2.6408452483220426e+01  -2.5542326732471814e+00
   1.3829714965992430e+00  -6.0521084286080082e+01   2.7455108244909894e+01  -5.2433133959438072e+00
   3.6824331371009968e+00  -5.7320257853906284e+01   2.8600092769711551e+01  -8.1850215736737653e+00
  -3.2779415125254268e+00  -7.1186335151391106e+01   2.7762079812673903e+01   2.8545876456103603e-01
  -1.7573631793082072e+00  -6.9069706095517645e+01   2.8519230368967815e+01  -1.6598216606118914e+00
   1.0034863269862093e-01  -6.6483790781037598e+01   2.9444251790862435e+01  -4.0363979569894939e+00
   2.2023375440614164e+00  -6.3557844312037943e+01   3.0490907552551903e+01  -6.7254786796861197e+00
   4.5017991845631720e+00  -6.0357017879864145e+01   3.1635892077353560e+01  -9.6671868574160786e+00
  -2.3815995834677324e+00  -7.4508385592928377e+01   3.1083079280582012e+01  -1.3359495104422812e+00
  -8.6102125025051102e-01  -7.2391756537054917e+01   3.1840229836875924e+01  -3.2812299356152086e+00
   9.9669056175631709e-01  -6.9805841222574870e+01   3.2765251258770540e+01  -5.6578062319928115e+00
   3.0986794731191125e+00  -6.6879894753575215e+01   3.3811907020460012e+01  -8.3468869546894364e+00
   5.3981411136208663e+00  -6.3679068321401424e+01   3.4956891545261669e+01  -1.1288595132419395e+01
  -2.5089070811579433e+00  -6.2574776768938428e+01   2.1560527311320474e+01   7.8429001832669307e+00
  -9.8832874794072367e-01  -6.0458147713064974e+01   2.2317677867614385e+01   5.8976197580940060e+00
   8.6938306406610444e-01  -5.7872232398584913e+01   2.3242699289509002e+01   3.5210434617164026e+00
   2.9713719754288999e+00  -5.4946285929585265e+01   2.4289355051198470e+01   8.3196273901977680e-01
   5.2708336159306555e+00  -5.1745459497411474e+01   2.5434339576000127e+01  -2.1097454387101831e+00
  -1.9161778559894582e+00  -6.4771568328441901e+01   2.3756623887397769e+01   6.7707021309736248e+00
  -3.9559952277223687e-01  -6.2654939272568448e+01   2.4513774443691680e+01   4.8254217058006965e+00
   1.4621122892345912e+00  -6.0069023958088394e+01   2.5438795865586300e+01   2.4488454094230949e+00
   3.5641012005973867e+00  -5.7143077489088739e+01   2.6485451627275769e+01  -2.4023531327353087e-01
   5.8635628410991423e+00  -5.3942251056914948e+01   2.7630436152077422e+01  -3.1819434910034903e+00
  -1.1920322734416580e+00  -6.7455419294522670e+01   2.6439625782508781e+01   5.4607827778932148e+00
   3.2854605977556339e-01  -6.5338790238649210e+01   2.7196776338802692e+01   3.5155023527202882e+00
   2.1862578717823915e+00  -6.2752874924169156e+01   2.8121797760697312e+01   1.1389260563426857e+00
   4.2882467831451869e+00  -5.9826928455169508e+01   2.9168453522386777e+01  -1.5501546663539401e+00
   6.5877084236469408e+00  -5.6626102022995710e+01   3.0313438047188434e+01  -4.4918628440838990e+00
  -3.7266622597948285e-01  -7.0492179320480531e+01   2.9475425090150786e+01   3.9786174941509014e+00
   1.1479121072377385e+00  -6.8375550264607071e+01   3.0232575646444698e+01   2.0333370689779748e+00
   3.0056239192445666e+00  -6.5789634950127024e+01   3.1157597068339317e+01  -3.4323922739962853e-01
   5.1076128306073620e+00  -6.2863688481127369e+01   3.2204252830028786e+01  -3.0323199500962539e+00
   7.4070744711091159e+00  -5.9662862048953571e+01   3.3349237354830443e+01  -5.9740281278262124e+00
   5.2367570307820976e-01  -7.3814229762017803e+01   3.2796424558058895e+01   2.3572092191475855e+00
   2.0442540362954311e+00  -7.1697600706144343e+01   3.3553575114352810e+01   4.1192879397465809e-01
   3.9019658483022610e+00  -6.9111685391664281e+01   3.4478596536247423e+01  -1.9646475024029444e+00
   6.0039547596650564e+00  -6.6185738922664640e+01   3.5525252297936888e+01  -4.6537282250995702e+00
   8.3034164001668103e+00  -6.2984912490490842e+01   3.6670236822738552e+01  -7.5954364028295291e+00
  -1.4528088658338756e+01  -6.3645436031227504e+01   1.7877995579377640e+01  -4.1504999662782645e+00
  -1.3007510325121535e+01  -6.1528806975354051e+01   1.8635146135671555e+01  -6.0957803914511919e+00
  -1.1149798513114705e+01  -5.8942891660873997e+01   1.9560167557566171e+01  -8.4723566878287944e+00
  -9.0478096017519114e+00  -5.6016945191874342e+01   2.0606823319255639e+01  -1.1161437410525419e+01
  -6.7483479612501549e+00  -5.2816118759700551e+01   2.1751807844057296e+01  -1.4103145588255380e+01
  -1.3935359433170271e+01  -6.5842227590730985e+01   2.0074092155454938e+01  -5.2226980185715712e+00
  -1.2414781099953050e+01  -6.3725598534857532e+01   2.0831242711748850e+01  -7.1679784437444987e+00
  -1.0557069287946222e+01  -6.1139683220377471e+01   2.1756264133643469e+01  -9.5445547401221020e+00
  -8.4550803765834264e+00  -5.8213736751377823e+01   2.2802919895332934e+01  -1.2233635462818727e+01
  -6.1556187360816708e+00  -5.5012910319204025e+01   2.3947904420134591e+01  -1.5175343640548686e+01
  -1.3211213850622469e+01  -6.8526078556811740e+01   2.2757094050565950e+01  -6.5326173716519813e+00
  -1.1690635517405248e+01  -6.6409449500938294e+01   2.3514244606859862e+01  -8.4778977968249087e+00
  -9.8329237053984198e+00  -6.3823534186458232e+01   2.4439266028754478e+01  -1.0854474093202512e+01
  -7.7309347940356252e+00  -6.0897587717458585e+01   2.5485921790443946e+01  -1.3543554815899137e+01
  -5.4314731535338705e+00  -5.7696761285284794e+01   2.6630906315245603e+01  -1.6485262993629096e+01
  -1.2391847803160296e+01  -7.1562838582769615e+01   2.5792893358207955e+01  -8.0147826553942956e+00
  -1.0871269469943075e+01  -6.9446209526896155e+01   2.6550043914501867e+01  -9.9600630805672221e+00
  -9.0135576579362464e+00  -6.6860294212416093e+01   2.7475065336396487e+01  -1.2336639376944825e+01
  -6.9115687465734510e+00  -6.3934347743416446e+01   2.8521721098085955e+01  -1.5025720099641450e+01
  -4.6121071060716954e+00  -6.0733521311242654e+01   2.9666705622887612e+01  -1.7967428277371411e+01
  -1.1495505874102601e+01  -7.4884889024306887e+01   2.9113892826116064e+01  -9.6361909303976105e+00
  -9.9749275408853801e+00  -7.2768259968433426e+01   2.9871043382409972e+01  -1.1581471355570539e+01
  -8.1172157288785520e+00  -7.0182344653953365e+01   3.0796064804304592e+01  -1.3958047651948142e+01
  -6.0152268175157566e+00  -6.7256398184953724e+01   3.1842720565994060e+01  -1.6647128374644765e+01
  -3.7157651770140010e+00  -6.4055571752779926e+01   3.2987705090795714e+01  -1.9588836552374726e+01
  -1.2606900422387470e+01  -6.3186407579624941e+01   1.9010989346424310e+01  -1.7083034771378744e+00
  -1.1086322089170249e+01  -6.1069778523751488e+01   1.9768139902718222e+01  -3.6535839023108019e+00
  -9.2286102771634209e+00  -5.8483863209271426e+01   2.0693161324612838e+01  -6.0301601986884048e+00
  -7.1266213658006263e+00  -5.5557916740271779e+01   2.1739817086302310e+01  -8.7192409213850297e+00
  -4.8271597252988707e+00  -5.2357090308097980e+01   2.2884801611103963e+01  -1.1660949099114990e+01
  -1.2014171197218985e+01  -6.5383199139128422e+01   2.1207085922501609e+01  -2.7805015294311812e+00
  -1.0493592864001766e+01  -6.3266570083254962e+01   2.1964236478795520e+01  -4.7257819546041082e+00
  -8.6358810519949358e+00  -6.0680654768774907e+01   2.2889257900690136e+01  -7.1023582509817107e+00
  -6.5338921406321413e+00  -5.7754708299775260e+01   2.3935913662379605e+01  -9.7914389736783356e+00
  -4.2344305001303866e+00  -5.4553881867601461e+01   2.5080898187181262e+01  -1.2733147151408296e+01
  -1.1290025614671185e+01  -6.8067050105209177e+01   2.3890087817612617e+01  -4.0904208825115909e+00
  -9.7694472814539637e+00  -6.5950421049335731e+01   2.4647238373906529e+01  -6.0357013076845183e+00
  -7.9117354694471356e+00  -6.3364505734855669e+01   2.5572259795801145e+01  -8.4122776040621208e+00
  -5.8097465580843402e+00  -6.0438559265856021e+01   2.6618915557490617e+01  -1.1101358326758747e+01
  -3.5102849175825845e+00  -5.7237732833682223e+01   2.7763900082292270e+01  -1.4043066504488706e+01
  -1.0470659567209010e+01  -7.1103810131167052e+01   2.6925887125254626e+01  -5.5725861662539042e+00
  -8.9500812339917886e+00  -6.8987181075293591e+01   2.7683037681548534e+01  -7.5178665914268317e+00
  -7.0923694219849605e+00  -6.6401265760813530e+01   2.8608059103443154e+01  -9.8944428878044342e+00
  -4.9903805106221650e+00  -6.3475319291813882e+01   2.9654714865132622e+01  -1.2583523610501061e+01
  -2.6909188701204094e+00  -6.0274492859640091e+01   3.0799699389934279e+01  -1.5525231788231020e+01
  -9.5743176381513173e+00  -7.4425860572704323e+01   3.0246886593162735e+01  -7.1939944412572210e+00
  -8.0537393049340942e+00  -7.2309231516830863e+01   3.1004037149456643e+01  -9.1392748664301493e+00
  -6.1960274929272661e+00  -6.9723316202350802e+01   3.1929058571351263e+01  -1.1515851162807751e+01
  -4.0940385815644706e+00  -6.6797369733351147e+01   3.2975714333040727e+01  -1.4204931885504376e+01
  -1.7945769410627150e+00  -6.3596543301177363e+01   3.4120698857842385e+01  -1.7146640063234337e+01
  -1.0259757890464115e+01  -6.2625606101686564e+01   2.0395183674328123e+01   1.2753621229884908e+00
  -8.7391795572468940e+00  -6.0508977045813111e+01   2.1152334230622035e+01  -6.6991830218443615e-01
  -6.8814677452400650e+00  -5.7923061731333050e+01   2.2077355652516651e+01  -3.0464945985620391e+00
  -4.7794788338772705e+00  -5.4997115262333402e+01   2.3124011414206119e+01  -5.7355753212586649e+00
  -2.4800171933755149e+00  -5.1796288830159611e+01   2.4268995939007777e+01  -8.6772834989886238e+00
  -9.6670286652956303e+00  -6.4822397661190038e+01   2.2591280250405418e+01   2.0316407069518405e-01
  -8.1464503320784090e+00  -6.2705768605316585e+01   2.3348430806699330e+01  -1.7421163544777429e+00
  -6.2887385200715809e+00  -6.0119853290836531e+01   2.4273452228593946e+01  -4.1186926508553459e+00
  -4.1867496087087854e+00  -5.7193906821836876e+01   2.5320107990283418e+01  -6.8077733735519708e+00
  -1.8872879682070298e+00  -5.3993080389663085e+01   2.6465092515085072e+01  -9.7494815512819315e+00
  -8.9428830827478301e+00  -6.7506248627270807e+01   2.5274282145516430e+01  -1.1067552823852256e+00
  -7.4223047495306087e+00  -6.5389619571397347e+01   2.6031432701810342e+01  -3.0520357075581526e+00
  -5.5645929375237806e+00  -6.2803704256917293e+01   2.6956454123704958e+01  -5.4286120039357550e+00
  -3.4626040261609852e+00  -5.9877757787917645e+01   2.8003109885394426e+01  -8.1176927266323808e+00
  -1.1631423856592313e+00  -5.6676931355743847e+01   2.9148094410196087e+01  -1.1059400904362340e+01
  -8.1235170352856549e+00  -7.0543008653228668e+01   2.8310081453158439e+01  -2.5889205661275390e+00
  -6.6029387020684336e+00  -6.8426379597355208e+01   2.9067232009452347e+01  -4.5342009913004659e+00
  -4.7452268900616055e+00  -6.5840464282875161e+01   2.9992253431346967e+01  -6.9107772876780693e+00
  -2.6432379786988101e+00  -6.2914517813875506e+01   3.1038909193036432e+01  -9.5998580103746942e+00
  -3.4377633819705444e-01  -5.9713691381701707e+01   3.2183893717838089e+01  -1.2541566188104653e+01
  -7.2271751062279606e+00  -7.3865059094765940e+01   3.1631080921066545e+01  -4.2103288411308561e+00
  -5.7065967730107392e+00  -7.1748430038892479e+01   3.2388231477360456e+01  -6.1556092663037827e+00
  -3.8488849610039111e+00  -6.9162514724412432e+01   3.3313252899255076e+01  -8.5321855626813861e+00
  -1.7468960496411157e+00  -6.6236568255412777e+01   3.4359908660944541e+01  -1.1221266285378011e+01
   5.5256559086063817e-01  -6.3035741823238979e+01   3.5504893185746198e+01  -1.4162974463107970e+01
  -7.6039812820561634e+00  -6.1991062853114052e+01   2.1961390612142647e+01   4.6513604700653648e+00
  -6.0834029488389421e+00  -5.9874433797240599e+01   2.2718541168436559e+01   2.7060800448924383e+00
  -4.2256911368321131e+00  -5.7288518482760537e+01   2.3643562590331179e+01   3.2950374851483488e-01
  -2.1237022254693176e+00  -5.4362572013760889e+01   2.4690218352020647e+01  -2.3595769741817905e+00
   1.7575941503243797e-01  -5.1161745581587098e+01   2.5835202876822301e+01  -5.3012851519117499e+00
  -7.0112520568876775e+00  -6.4187854412617526e+01   2.4157487188219946e+01   3.5791624177720589e+00
  -5.4906737236704561e+00  -6.2071225356744080e+01   2.4914637744513858e+01   1.6338819925991315e+00
  -3.6329619116636280e+00  -5.9485310042264018e+01   2.5839659166408474e+01  -7.4269430377847101e-01
  -1.5309730003008326e+00  -5.6559363573264370e+01   2.6886314928097942e+01  -3.4317750264750968e+00
   7.6848864020092122e-01  -5.3358537141090579e+01   2.8031299452899599e+01  -6.3734832042050558e+00
  -6.2871064743398772e+00  -6.6871705378698294e+01   2.6840489083330954e+01   2.2692430646916479e+00
  -4.7665281411226559e+00  -6.4755076322824834e+01   2.7597639639624866e+01   3.2396263951872051e-01
  -2.9088163291158278e+00  -6.2169161008344780e+01   2.8522661061519486e+01  -2.0526136568588820e+00
  -8.0682741775303413e-01  -5.9243214539345132e+01   2.9569316823208950e+01  -4.7416943795555078e+00
   1.4926342227487233e+00  -5.6042388107171334e+01   3.0714301348010608e+01  -7.6834025572854667e+00
  -5.4677404268777030e+00  -6.9908465404656155e+01   2.9876288390972963e+01   7.8707778094933545e-01
  -3.9471620936604808e+00  -6.7791836348782709e+01   3.0633438947266875e+01  -1.1582026442235920e+00
  -2.0894502816536527e+00  -6.5205921034302648e+01   3.1558460369161494e+01  -3.5347789406011945e+00
   1.2538629709142768e-02  -6.2279974565302993e+01   3.2605116130850959e+01  -6.2238596632978203e+00
   2.3120002702108966e+00  -5.9079148133129202e+01   3.3750100655652616e+01  -9.1655678410277801e+00
  -4.5713984978200086e+00  -7.3230515846193427e+01   3.3197287858881069e+01  -8.3433049405398174e-01
  -3.0508201646027864e+00  -7.1113886790319981e+01   3.3954438415174977e+01  -2.7796109192269092e+00
  -1.1931083525959600e+00  -6.8527971475839919e+01   3.4879459837069604e+01  -5.1561872156045121e+00
   9.0888055876683538e-01  -6.5602025006840265e+01   3.5926115598759068e+01  -7.8452679383011379e+00
   3.2083421992685928e+00  -6.2401198574666473e+01   3.7071100123560726e+01  -1.0786976116031097e+01
  -4.6987059955102204e+00  -6.1296907022203477e+01   2.3674735889619534e+01   8.3445191996552310e+00
  -3.1781276622929990e+00  -5.9180277966330024e+01   2.4431886445913442e+01   6.3992387744823045e+00
  -1.3204158502861709e+00  -5.6594362651849963e+01   2.5356907867808061e+01   4.0226624781047011e+00
   7.8157306107662450e-01  -5.3668416182850315e+01   2.6403563629497530e+01   1.3335817554080762e+00
   3.0810347015783801e+00  -5.0467589750676524e+01   2.7548548154299183e+01  -1.6081264223218836e+00
  -4.1059767703417354e+00  -6.3493698581706958e+01   2.5870832465696829e+01   7.2723211473619234e+00
  -2.5853984371245140e+00  -6.1377069525833505e+01   2.6627983021990737e+01   5.3270407221889968e+00
  -7.2768662511768767e-01  -5.8791154211353444e+01   2.7553004443885357e+01   2.9504644258113935e+00
   1.3743022862451078e+00  -5.5865207742353796e+01   2.8599660205574825e+01   2.6138370311476855e-01
   3.6737639267468651e+00  -5.2664381310179998e+01   2.9744644730376482e+01  -2.6803244746151909e+00
  -3.3818311877939351e+00  -6.6177549547787720e+01   2.8553834360807841e+01   5.9624017942815151e+00
  -1.8612528545767137e+00  -6.4060920491914260e+01   2.9310984917101749e+01   4.0171213691085885e+00
  -3.5410425698856329e-03  -6.1475005177434205e+01   3.0236006338996368e+01   1.6405450727309852e+00
   2.0984478687929098e+00  -5.8549058708434558e+01   3.1282662100685833e+01  -1.0485356499656406e+00
   4.3979095092946636e+00  -5.5348232276260759e+01   3.2427646625487498e+01  -3.9902438276955996e+00
  -2.5624651403317618e+00  -6.9214309573745581e+01   3.1589633668449849e+01   4.4802365105392017e+00
  -1.0418868071145404e+00  -6.7097680517872135e+01   3.2346784224743757e+01   2.5349560853662743e+00
   8.1582500489228771e-01  -6.4511765203392073e+01   3.3271805646638377e+01   1.5837978898867178e-01
   2.9178139162550831e+00  -6.1585818734392419e+01   3.4318461408327849e+01  -2.5307009337079545e+00
   5.2172755567568387e+00  -5.8384992302218627e+01   3.5463445933129506e+01  -5.4724091114379139e+00
  -1.6661232112740656e+00  -7.2536360015282852e+01   3.4910633136357951e+01   2.8588282355358849e+00
  -1.4554487805684424e-01  -7.0419730959409407e+01   3.5667783692651867e+01   9.1354781036295751e-01
   1.7121669339499839e+00  -6.7833815644929345e+01   3.6592805114546479e+01  -1.4630284860146450e+00
   3.8141558453127793e+00  -6.4907869175929690e+01   3.7639460876235951e+01  -4.1521092087112708e+00
   6.1136174858145331e+00  -6.1707042743755899e+01   3.8784445401037608e+01  -7.0938173864412306e+00
  -1.7203396612059819e+01  -6.2084244693131168e+01   2.0460953762559416e+01  -3.5376649997953704e+00
  -1.5682818278842600e+01  -5.9967615637257722e+01   2.1218104318853328e+01  -5.4829454249682978e+00
  -1.3825106466835772e+01  -5.7381700322777661e+01   2.2143125740747944e+01  -7.8595217213459003e+00
  -1.1723117555472976e+01  -5.4455753853778006e+01   2.3189781502437413e+01  -1.0548602444042526e+01
  -9.4236559149712207e+00  -5.1254927421604215e+01   2.4334766027239070e+01  -1.3490310621772485e+01
  -1.6610667386891336e+01  -6.4281036252634649e+01   2.2657050338636715e+01  -4.6098630520886772e+00
  -1.5090089053674117e+01  -6.2164407196761196e+01   2.3414200894930623e+01  -6.5551434772616037e+00
  -1.3232377241667287e+01  -5.9578491882281135e+01   2.4339222316825243e+01  -8.9317197736392071e+00
  -1.1130388330304491e+01  -5.6652545413281487e+01   2.5385878078514711e+01  -1.1620800496335832e+01
  -8.8309266898027374e+00  -5.3451718981107696e+01   2.6530862603316365e+01  -1.4562508674065793e+01
  -1.5886521804343536e+01  -6.6964887218715418e+01   2.5340052233747723e+01  -5.9197824051690873e+00
  -1.4365943471126315e+01  -6.4848258162841958e+01   2.6097202790041635e+01  -7.8650628303420138e+00
  -1.2508231659119486e+01  -6.2262342848361897e+01   2.7022224211936251e+01  -1.0241639126719617e+01
  -1.0406242747756691e+01  -5.9336396379362249e+01   2.8068879973625720e+01  -1.2930719849416242e+01
  -8.1067811072549354e+00  -5.6135569947188458e+01   2.9213864498427377e+01  -1.5872428027146203e+01
  -1.5067155756881361e+01  -7.0001647244673279e+01   2.8375851541389729e+01  -7.4019476889114006e+00
  -1.3546577423664139e+01  -6.7885018188799819e+01   2.9133002097683644e+01  -9.3472281140843272e+00
  -1.1688865611657311e+01  -6.5299102874319757e+01   3.0058023519578260e+01  -1.1723804410461931e+01
  -9.5868767002945177e+00  -6.2373156405320117e+01   3.1104679281267728e+01  -1.4412885133158555e+01
  -7.2874150597927612e+00  -5.9172329973146319e+01   3.2249663806069385e+01  -1.7354593310888518e+01
  -1.4170813827823666e+01  -7.3323697686210551e+01   3.1696851009297838e+01  -9.0233559639147174e+00
  -1.2650235494606445e+01  -7.1207068630337091e+01   3.2454001565591753e+01  -1.0968636389087644e+01
  -1.0792523682599617e+01  -6.8621153315857029e+01   3.3379022987486366e+01  -1.3345212685465247e+01
  -8.6905347712368215e+00  -6.5695206846857388e+01   3.4425678749175837e+01  -1.6034293408161872e+01
  -6.3910731307350668e+00  -6.2494380414683590e+01   3.5570663273977495e+01  -1.8976001585891829e+01
  -1.5282208376108537e+01  -6.1625216241528605e+01   2.1593947529606083e+01  -1.0954685106549804e+00
  -1.3761630042891316e+01  -5.9508587185655152e+01   2.2351098085899999e+01  -3.0407489358279074e+00
  -1.1903918230884486e+01  -5.6922671871175091e+01   2.3276119507794615e+01  -5.4173252322055099e+00
  -9.8019293195216921e+00  -5.3996725402175443e+01   2.4322775269484083e+01  -8.1064059549021366e+00
  -7.5024676790199365e+00  -5.0795898970001652e+01   2.5467759794285740e+01  -1.1048114132632094e+01
  -1.4689479150940052e+01  -6.3822007801032086e+01   2.3790044105683382e+01  -2.1676665629482872e+00
  -1.3168900817722831e+01  -6.1705378745158633e+01   2.4547194661977294e+01  -4.1129469881212142e+00
  -1.1311189005716002e+01  -5.9119463430678572e+01   2.5472216083871910e+01  -6.4895232844988175e+00
  -9.2092000943532071e+00  -5.6193516961678924e+01   2.6518871845561378e+01  -9.1786040071954424e+00
  -6.9097384538514515e+00  -5.2992690529505126e+01   2.7663856370363035e+01  -1.2120312184925401e+01
  -1.3965333568392250e+01  -6.6505858767112841e+01   2.6473046000794390e+01  -3.4775859160286973e+00
  -1.2444755235175030e+01  -6.4389229711239395e+01   2.7230196557088306e+01  -5.4228663412016243e+00
  -1.0587043423168200e+01  -6.1803314396759333e+01   2.8155217978982922e+01  -7.7994426375792276e+00
  -8.4850545118054050e+00  -5.8877367927759686e+01   2.9201873740672390e+01  -1.0488523360275853e+01
  -6.1855928713036512e+00  -5.5676541495585894e+01   3.0346858265474047e+01  -1.3430231538005811e+01
  -1.3145967520930077e+01  -6.9542618793070716e+01   2.9508845308436399e+01  -4.9597511997710102e+00
  -1.1625389187712855e+01  -6.7425989737197256e+01   3.0265995864730311e+01  -6.9050316249439376e+00
  -9.7676773757060253e+00  -6.4840074422717194e+01   3.1191017286624927e+01  -9.2816079213215410e+00
  -7.6656884643432317e+00  -6.1914127953717546e+01   3.2237673048314392e+01  -1.1970688644018166e+01
  -5.3662268238414770e+00  -5.8713301521543755e+01   3.3382657573116049e+01  -1.4912396821748125e+01
  -1.2249625591872382e+01  -7.2864669234607987e+01   3.2829844776344508e+01  -6.5811594747743278e+00
  -1.0729047258655161e+01  -7.0748040178734527e+01   3.3586995332638416e+01  -8.5264398999472544e+00
  -8.8713354466483310e+00  -6.8162124864254466e+01   3.4512016754533036e+01  -1.0903016196324858e+01
  -6.7693465352855373e+00  -6.5236178395254825e+01   3.5558672516222501e+01  -1.3592096919021483e+01
  -4.4698848947837817e+00  -6.2035351963081027e+01   3.6703657041024158e+01  -1.6533805096751443e+01
  -1.2935065844185182e+01  -6.1064414763590229e+01   2.2978141857509897e+01   1.8881970894713849e+00
  -1.1414487510967961e+01  -5.8947785707716776e+01   2.3735292413803808e+01  -5.7083335701542559e-02
  -9.5567756989611308e+00  -5.6361870393236714e+01   2.4660313835698425e+01  -2.4336596320791450e+00
  -7.4547867875983362e+00  -5.3435923924237066e+01   2.5706969597387896e+01  -5.1227403547757708e+00
  -5.1553251470965815e+00  -5.0235097492063275e+01   2.6851954122189550e+01  -8.0644485325057307e+00
  -1.2342336619016697e+01  -6.3261206323093710e+01   2.5174238433587192e+01   8.1599903717807898e-01
  -1.0821758285799476e+01  -6.1144577267220257e+01   2.5931388989881107e+01  -1.1292813879948485e+00
  -8.9640464737926457e+00  -5.8558661952740195e+01   2.6856410411775720e+01  -3.5058576843724514e+00
  -6.8620575624298521e+00  -5.5632715483740540e+01   2.7903066173465191e+01  -6.1949384070690776e+00
  -4.5625959219280965e+00  -5.2431889051566749e+01   2.9048050698266849e+01  -9.1366465847990366e+00
  -1.1618191036468895e+01  -6.5945057289174471e+01   2.7857240328698204e+01  -4.9392031590233199e-01
  -1.0097612703251674e+01  -6.3828428233301018e+01   2.8614390884992115e+01  -2.4392007410752590e+00
  -8.2399008912448455e+00  -6.1242512918820957e+01   2.9539412306886732e+01  -4.8157770374528619e+00
  -6.1379119798820518e+00  -5.8316566449821309e+01   3.0586068068576203e+01  -7.5048577601494877e+00
  -3.8384503393802962e+00  -5.5115740017647511e+01   3.1731052593377861e+01  -1.0446565937879447e+01
  -1.0798824989006722e+01  -6.8981817315132332e+01   3.0893039636340212e+01  -1.9760855996446454e+00
  -9.2782466557895003e+00  -6.6865188259258872e+01   3.1650190192634120e+01  -3.9213660248175723e+00
  -7.4205348437826721e+00  -6.4279272944778825e+01   3.2575211614528740e+01  -6.2979423211951753e+00
  -5.3185459324198767e+00  -6.1353326475779170e+01   3.3621867376218205e+01  -8.9870230438918011e+00
  -3.0190842919181211e+00  -5.8152500043605379e+01   3.4766851901019862e+01  -1.1928731221621760e+01
  -9.9024830599490272e+00  -7.2303867756669604e+01   3.4214039104248315e+01  -3.5974938746479621e+00
  -8.3819047267318059e+00  -7.0187238700796144e+01   3.4971189660542230e+01  -5.5427742998208895e+00
  -6.5241929147249769e+00  -6.7601323386316096e+01   3.5896211082436849e+01  -7.9193505961984920e+00
  -4.4222040033621823e+00  -6.4675376917316441e+01   3.6942866844126314e+01  -1.0608431318895118e+01
  -2.1227423628604249e+00  -6.1474550485142650e+01   3.8087851368927971e+01  -1.3550139496625077e+01
  -1.0279289235777229e+01  -6.0429871515017716e+01   2.4544348795324424e+01   5.2641954365482597e+00
  -8.7587109025600078e+00  -5.8313242459144263e+01   2.5301499351618332e+01   3.3189150113753323e+00
  -6.9009990905531797e+00  -5.5727327144664201e+01   2.6226520773512952e+01   9.4233871499772981e-01
  -4.7990101791903843e+00  -5.2801380675664554e+01   2.7273176535202420e+01  -1.7467420076988960e+00
  -2.4995485386886287e+00  -4.9600554243490762e+01   2.8418161060004074e+01  -4.6884501854288549e+00
  -9.6865600106087442e+00  -6.2626663074521197e+01   2.6740445371401719e+01   4.1919973842549538e+00
  -8.1659816773915228e+00  -6.0510034018647744e+01   2.7497595927695627e+01   2.2467169590820264e+00
  -6.3082698653846947e+00  -5.7924118704167682e+01   2.8422617349590247e+01  -1.2985933729557608e-01
  -4.2062809540218993e+00  -5.4998172235168035e+01   2.9469273111279715e+01  -2.8189400599922019e+00
  -1.9068193135201454e+00  -5.1797345802994244e+01   3.0614257636081373e+01  -5.7606482377221608e+00
  -8.9624144280609421e+00  -6.5310514040601959e+01   2.9423447266512731e+01   2.8820780311745429e+00
  -7.4418360948437217e+00  -6.3193884984728506e+01   3.0180597822806639e+01   9.3679760600161543e-01
  -5.5841242828368927e+00  -6.0607969670248444e+01   3.1105619244701259e+01  -1.4397786903759870e+00
  -3.4821353714740972e+00  -5.7682023201248796e+01   3.2152275006390724e+01  -4.1288594130726128e+00
  -1.1826737309723434e+00  -5.4481196769075005e+01   3.3297259531192381e+01  -7.0705675908025718e+00
  -8.1430483805987688e+00  -6.8347274066559820e+01   3.2459246574154733e+01   1.3999127474322304e+00
  -6.6224700473815465e+00  -6.6230645010686374e+01   3.3216397130448648e+01  -5.4536767774069705e-01
  -4.7647582353747184e+00  -6.3644729696206312e+01   3.4141418552343268e+01  -2.9219439741183000e+00
  -2.6627693240119239e+00  -6.0718783227206657e+01   3.5188074314032733e+01  -5.6110246968149253e+00
  -3.6330768351016829e-01  -5.7517956795032866e+01   3.6333058838834390e+01  -8.5527328745448852e+00
  -7.2467064515410744e+00  -7.1669324508097091e+01   3.5780246042062842e+01  -2.2149552757108726e-01
  -5.7261281183238522e+00  -6.9552695452223645e+01   3.6537396598356757e+01  -2.1667759527440142e+00
  -3.8684163063170232e+00  -6.6966780137743584e+01   3.7462418020251377e+01  -4.5433522491216172e+00
  -1.7664273949542277e+00  -6.4040833668743929e+01   3.8509073781940842e+01  -7.2324329718182430e+00
   5.3303424554752610e-01  -6.0840007236570138e+01   3.9654058306742499e+01  -1.0174141149548202e+01
  -7.3740139492312862e+00  -5.9735715684107141e+01   2.6257694072801307e+01   8.9573541661381242e+00
  -5.8534356160140639e+00  -5.7619086628233688e+01   2.7014844629095215e+01   7.0120737409651994e+00
  -3.9957238040072358e+00  -5.5033171313753627e+01   2.7939866050989835e+01   4.6354974445875943e+00
  -1.8937348926444404e+00  -5.2107224844753979e+01   2.8986521812679303e+01   1.9464167218909694e+00
   4.0572674785731344e-01  -4.8906398412580188e+01   3.0131506337480960e+01  -9.9529145583899004e-01
  -6.7812847240628020e+00  -6.1932507243610623e+01   2.8453790648878602e+01   7.8851561138448183e+00
  -5.2607063908455798e+00  -5.9815878187737169e+01   2.9210941205172517e+01   5.9398756886718918e+00
  -3.4029945788387508e+00  -5.7229962873257108e+01   3.0135962627067133e+01   3.5632993922942866e+00
  -1.3010056674759554e+00  -5.4304016404257460e+01   3.1182618388756602e+01   8.7421866959766259e-01
   9.9845597302579847e-01  -5.1103189972083669e+01   3.2327602913558259e+01  -2.0674895081322973e+00
  -6.0571391415150009e+00  -6.4616358209691384e+01   3.1136792543989614e+01   6.5752367607644082e+00
  -4.5365608082977795e+00  -6.2499729153817931e+01   3.1893943100283526e+01   4.6299563355914817e+00
  -2.6788489962909505e+00  -5.9913813839337870e+01   3.2818964522178142e+01   2.2533800392138783e+00
  -5.7686008492815688e-01  -5.6987867370338222e+01   3.3865620283867614e+01  -4.3570068348274660e-01
   1.7226015555736005e+00  -5.3787040938164424e+01   3.5010604808669271e+01  -3.3774088612127060e+00
  -5.2377730940528267e+00  -6.7653118235649245e+01   3.4172591851631623e+01   5.0930714770220948e+00
  -3.7171947608356053e+00  -6.5536489179775799e+01   3.4929742407925531e+01   3.1477910518491674e+00
  -1.8594829488287772e+00  -6.2950573865295738e+01   3.5854763829820143e+01   7.7121475547156493e-01
   2.4250596253401824e-01  -6.0024627396296083e+01   3.6901419591509622e+01  -1.9178659672250609e+00
   2.5419676030357721e+00  -5.6823800964122292e+01   3.8046404116311273e+01  -4.8595741449550198e+00
  -4.3414311649951323e+00  -7.0975168677186517e+01   3.7493591319539725e+01   3.4716632020187781e+00
  -2.8208528317779109e+00  -6.8858539621313071e+01   3.8250741875833640e+01   1.5263827768458516e+00
  -9.6314101977108280e-01  -6.6272624306833009e+01   3.9175763297728253e+01  -8.5019351953175182e-01
   1.1388478915917126e+00  -6.3346677837833354e+01   4.0222419059417724e+01  -3.5392742422283772e+00
   3.4383095320934682e+00  -6.0145851405659563e+01   4.1367403584219375e+01  -6.4809824199583366e+00
  -2.0230490274734827e+01  -6.0317766781980289e+01   2.3383554256603066e+01  -2.8442461951580342e+00
  -1.8709911941517603e+01  -5.8201137726106836e+01   2.4140704812896978e+01  -4.7895266203309612e+00
  -1.6852200129510777e+01  -5.5615222411626775e+01   2.5065726234791594e+01  -7.1661029167085637e+00
  -1.4750211218147982e+01  -5.2689275942627134e+01   2.6112381996481062e+01  -9.8551836394051904e+00
  -1.2450749577646226e+01  -4.9488449510453336e+01   2.7257366521282719e+01  -1.2796891817135149e+01
  -1.9637761049566343e+01  -6.2514558341483770e+01   2.5579650832680361e+01  -3.9164442474513410e+00
  -1.8117182716349120e+01  -6.0397929285610317e+01   2.6336801388974273e+01  -5.8617246726242680e+00
  -1.6259470904342290e+01  -5.7812013971130256e+01   2.7261822810868892e+01  -8.2383009690018714e+00
  -1.4157481992979497e+01  -5.4886067502130608e+01   2.8308478572558357e+01  -1.0927381691698496e+01
  -1.1858020352477741e+01  -5.1685241069956817e+01   2.9453463097360014e+01  -1.3869089869428455e+01
  -1.8913615467018541e+01  -6.5198409307564532e+01   2.8262652727791373e+01  -5.2263636005317515e+00
  -1.7393037133801318e+01  -6.3081780251691079e+01   2.9019803284085285e+01  -7.1716440257046781e+00
  -1.5535325321794492e+01  -6.0495864937211017e+01   2.9944824705979901e+01  -9.5482203220822797e+00
  -1.3433336410431696e+01  -5.7569918468211370e+01   3.0991480467669369e+01  -1.2237301044778906e+01
  -1.1133874769929941e+01  -5.4369092036037578e+01   3.2136464992471026e+01  -1.5179009222508867e+01
  -1.8094249419556366e+01  -6.8235169333522393e+01   3.1298452035433382e+01  -6.7085288842740649e+00
  -1.6573671086339147e+01  -6.6118540277648947e+01   3.2055602591727293e+01  -8.6538093094469914e+00
  -1.4715959274332317e+01  -6.3532624963168885e+01   3.2980624013621906e+01  -1.1030385605824595e+01
  -1.2613970362969521e+01  -6.0606678494169230e+01   3.4027279775311378e+01  -1.3719466328521220e+01
  -1.0314508722467767e+01  -5.7405852061995439e+01   3.5172264300113035e+01  -1.6661174506251179e+01
  -1.7197907490498672e+01  -7.1557219775059664e+01   3.4619451503341487e+01  -8.3299371592773817e+00
  -1.5677329157281450e+01  -6.9440590719186218e+01   3.5376602059635395e+01  -1.0275217584450308e+01
  -1.3819617345274622e+01  -6.6854675404706157e+01   3.6301623481530015e+01  -1.2651793880827912e+01
  -1.1717628433911827e+01  -6.3928728935706502e+01   3.7348279243219480e+01  -1.5340874603524536e+01
  -9.4181667934100712e+00  -6.0727902503532711e+01   3.8493263768021137e+01  -1.8282582781254497e+01
  -1.8309302038783542e+01  -5.9858738330377726e+01   2.4516548023649733e+01  -4.0204970601764423e-01
  -1.6788723705566319e+01  -5.7742109274504273e+01   2.5273698579943648e+01  -2.3473301311905712e+00
  -1.4931011893559489e+01  -5.5156193960024211e+01   2.6198720001838264e+01  -4.7239064275681741e+00
  -1.2829022982196696e+01  -5.2230247491024564e+01   2.7245375763527733e+01  -7.4129871502647999e+00
  -1.0529561341694940e+01  -4.9029421058850772e+01   2.8390360288329390e+01  -1.0354695327994758e+01
  -1.7716572813615056e+01  -6.2055529889881207e+01   2.6712644599727032e+01  -1.4742477583109510e+00
  -1.6195994480397836e+01  -5.9938900834007754e+01   2.7469795156020943e+01  -3.4195281834838780e+00
  -1.4338282668391006e+01  -5.7352985519527692e+01   2.8394816577915563e+01  -5.7961044798614809e+00
  -1.2236293757028211e+01  -5.4427039050528037e+01   2.9441472339605028e+01  -8.4851852025581067e+00
  -9.9368321165264568e+00  -5.1226212618354246e+01   3.0586456864406685e+01  -1.1426893380288064e+01
  -1.6992427231067254e+01  -6.4739380855961969e+01   2.9395646494838044e+01  -2.7841671113913611e+00
  -1.5471848897850034e+01  -6.2622751800088515e+01   3.0152797051131955e+01  -4.7294475365642885e+00
  -1.3614137085843204e+01  -6.0036836485608454e+01   3.1077818473026571e+01  -7.1060238329418910e+00
  -1.1512148174480410e+01  -5.7110890016608806e+01   3.2124474234716040e+01  -9.7951045556385168e+00
  -9.2126865339786548e+00  -5.3910063584435008e+01   3.3269458759517697e+01  -1.2736812733368476e+01
  -1.6173061183605078e+01  -6.7776140881919829e+01   3.2431445802480049e+01  -4.2663323951336745e+00
  -1.4652482850387859e+01  -6.5659511826046369e+01   3.3188596358773964e+01  -6.2116128203066019e+00
  -1.2794771038381031e+01  -6.3073596511566315e+01   3.4113617780668577e+01  -8.5881891166842035e+00
  -1.0692782127018235e+01  -6.0147650042566667e+01   3.5160273542358041e+01  -1.1277269839380828e+01
  -8.3933204865164797e+00  -5.6946823610392876e+01   3.6305258067159706e+01  -1.4218978017110789e+01
  -1.5276719254547386e+01  -7.1098191323457101e+01   3.5752445270388158e+01  -5.8877406701369903e+00
  -1.3756140921330164e+01  -6.8981562267583641e+01   3.6509595826682066e+01  -7.8330210953099186e+00
  -1.1898429109323336e+01  -6.6395646953103594e+01   3.7434617248576686e+01  -1.0209597391687520e+01
  -9.7964401979605409e+00  -6.3469700484103939e+01   3.8481273010266150e+01  -1.2898678114384147e+01
  -7.4969785574587853e+00  -6.0268874051930148e+01   3.9626257535067808e+01  -1.5840386292114106e+01
  -1.5962159506860186e+01  -5.9297936852439349e+01   2.5900742351553546e+01   2.5816158941087215e+00
  -1.4441581173642964e+01  -5.7181307796565896e+01   2.6657892907847458e+01   6.3633546893579407e-01
  -1.2583869361636136e+01  -5.4595392482085835e+01   2.7582914329742074e+01  -1.7402408274418084e+00
  -1.0481880450273341e+01  -5.1669446013086187e+01   2.8629570091431543e+01  -4.4293215501384342e+00
  -8.1824188097715851e+00  -4.8468619580912389e+01   2.9774554616233203e+01  -7.3710297278683932e+00
  -1.5369430281691701e+01  -6.1494728411942830e+01   2.8096838927630845e+01   1.5094178418154156e+00
  -1.3848851948474479e+01  -5.9378099356069370e+01   2.8853989483924757e+01  -4.3586258335751182e-01
  -1.1991140136467651e+01  -5.6792184041589309e+01   2.9779010905819373e+01  -2.8124388797351143e+00
  -9.8891512251048574e+00  -5.3866237572589668e+01   3.0825666667508841e+01  -5.5015196024317401e+00
  -7.5896895846031009e+00  -5.0665411140415870e+01   3.1970651192310498e+01  -8.4432277801616991e+00
  -1.4645284699143900e+01  -6.4178579378023585e+01   3.0779840822741853e+01   1.9949848873500464e-01
  -1.3124706365926679e+01  -6.2061950322150132e+01   3.1536991379035765e+01  -1.7457819364379223e+00
  -1.1266994553919851e+01  -5.9476035007670077e+01   3.2462012800930381e+01  -4.1223582328155253e+00
  -9.1650056425570554e+00  -5.6550088538670423e+01   3.3508668562619853e+01  -6.8114389555121502e+00
  -6.8655440020553007e+00  -5.3349262106496631e+01   3.4653653087421510e+01  -9.7531471332421091e+00
  -1.3825918651681725e+01  -6.7215339403981446e+01   3.3815640130383862e+01  -1.2826667950073083e+00
  -1.2305340318464504e+01  -6.5098710348108000e+01   3.4572790686677770e+01  -3.2279472201802353e+00
  -1.0447628506457676e+01  -6.2512795033627938e+01   3.5497812108572390e+01  -5.6045235165578386e+00
  -8.3456395950948803e+00  -5.9586848564628291e+01   3.6544467870261862e+01  -8.2936042392544636e+00
  -6.0461779545931265e+00  -5.6386022132454499e+01   3.7689452395063512e+01  -1.1235312416984423e+01
  -1.2929576722624031e+01  -7.0537389845518717e+01   3.7136639598291964e+01  -2.9040750700106255e+00
  -1.1408998389406809e+01  -6.8420760789645271e+01   3.7893790154585879e+01  -4.8493554951835529e+00
  -9.5512865773999813e+00  -6.5834845475165210e+01   3.8818811576480499e+01  -7.2259317915611554e+00
  -7.4492976660371859e+00  -6.2908899006165562e+01   3.9865467338169964e+01  -9.9150125142577821e+00
  -5.1498360255354312e+00  -5.9708072573991771e+01   4.1010451862971621e+01  -1.2856720691987739e+01
  -1.3306382898452233e+01  -5.8663393603866837e+01   2.7466949289368070e+01   5.9576142411855955e+00
  -1.1785804565235011e+01  -5.6546764547993384e+01   2.8224099845661982e+01   4.0123338160126689e+00
  -9.9280927532281833e+00  -5.3960849233513322e+01   2.9149121267556602e+01   1.6357575196350655e+00
  -7.8261038418653879e+00  -5.1034902764513674e+01   3.0195777029246067e+01  -1.0533232030615602e+00
  -5.5266422013636332e+00  -4.7834076332339876e+01   3.1340761554047724e+01  -3.9950313807915192e+00
  -1.2713653673283748e+01  -6.0860185163370318e+01   2.9663045865445369e+01   4.8854161888922896e+00
  -1.1193075340066528e+01  -5.8743556107496865e+01   3.0420196421739281e+01   2.9401357637193621e+00
  -9.3353635280596983e+00  -5.6157640793016803e+01   3.1345217843633897e+01   5.6355946734175966e-01
  -7.2333746166969037e+00  -5.3231694324017155e+01   3.2391873605323369e+01  -2.1255212553548661e+00
  -4.9339129761951481e+00  -5.0030867891843357e+01   3.3536858130125026e+01  -5.0672294330848251e+00
  -1.1989508090735947e+01  -6.3544036129451079e+01   3.2346047760556381e+01   3.5754968358118777e+00
  -1.0468929757518726e+01  -6.1427407073577626e+01   3.3103198316850289e+01   1.6302164106389512e+00
  -8.6112179455118980e+00  -5.8841491759097565e+01   3.4028219738744909e+01  -7.4635988573865131e-01
  -6.5092290341491035e+00  -5.5915545290097917e+01   3.5074875500434374e+01  -3.4354406084352771e+00
  -4.2097673936473470e+00  -5.2714718857924126e+01   3.6219860025236031e+01  -6.3771487861652361e+00
  -1.1170142043273774e+01  -6.6580796155408947e+01   3.5381847068198383e+01   2.0933315520695661e+00
  -9.6495637100565510e+00  -6.4464167099535487e+01   3.6138997624492298e+01   1.4805112689663869e-01
  -7.7918518980497229e+00  -6.1878251785055426e+01   3.7064019046386917e+01  -2.2285251694809642e+00
  -5.6898629866869292e+00  -5.8952305316055778e+01   3.8110674808076382e+01  -4.9176058921775896e+00
  -3.3904013461851736e+00  -5.5751478883881987e+01   3.9255659332878039e+01  -7.8593140699075494e+00
  -1.0273800114216080e+01  -6.9902846596946219e+01   3.8702846536106492e+01   4.7192327706624937e-01
  -8.7532217809988566e+00  -6.7786217541072759e+01   3.9459997092400400e+01  -1.4733571481066781e+00
  -6.8955099689920285e+00  -6.5200302226592697e+01   4.0385018514295020e+01  -3.8499334444842805e+00
  -4.7935210576292340e+00  -6.2274355757593050e+01   4.1431674275984491e+01  -6.5390141671809063e+00
  -2.4940594171274793e+00  -5.9073529325419258e+01   4.2576658800786149e+01  -9.4807223449108662e+00
  -1.0401107611906291e+01  -5.7969237772956262e+01   2.9180294566844957e+01   9.6507729707754599e+00
  -8.8805292786890693e+00  -5.5852608717082809e+01   2.9937445123138865e+01   7.7054925456025352e+00
  -7.0228174666822412e+00  -5.3266693402602748e+01   3.0862466545033485e+01   5.3289162492249300e+00
  -4.9208285553194457e+00  -5.0340746933603100e+01   3.1909122306722953e+01   2.6398355265283051e+00
  -2.6213669148176901e+00  -4.7139920501429302e+01   3.3054106831524606e+01  -3.0187265120165474e-01
  -9.8083783867378056e+00  -6.0166029332459743e+01   3.1376391142922252e+01   8.5785749184821540e+00
  -8.2878000535205842e+00  -5.8049400276586290e+01   3.2133541699216167e+01   6.6332944933092275e+00
  -6.4300882415137561e+00  -5.5463484962106229e+01   3.3058563121110780e+01   4.2567181969316223e+00
  -4.3280993301509607e+00  -5.2537538493106581e+01   3.4105218882800244e+01   1.5676374742349983e+00
  -2.0286376896492069e+00  -4.9336712060932783e+01   3.5250203407601909e+01  -1.3740707034949615e+00
  -9.0842328041900053e+00  -6.2849880298540505e+01   3.4059393038033264e+01   7.2686555654017440e+00
  -7.5636544709727840e+00  -6.0733251242667052e+01   3.4816543594327172e+01   5.3233751402288174e+00
  -5.7059426589659559e+00  -5.8147335928186990e+01   3.5741565016221791e+01   2.9467988438512140e+00
  -3.6039537476031605e+00  -5.5221389459187343e+01   3.6788220777911263e+01   2.5771812115458914e-01
  -1.3044921071014048e+00  -5.2020563027013544e+01   3.7933205302712921e+01  -2.6839900565753703e+00
  -8.2648667567278302e+00  -6.5886640324498373e+01   3.7095192345675272e+01   5.7864902816594306e+00
  -6.7442884235106089e+00  -6.3770011268624913e+01   3.7852342901969180e+01   3.8412098564865040e+00
  -4.8865766115037808e+00  -6.1184095954144851e+01   3.8777364323863793e+01   1.4646335601089007e+00
  -2.7845877001409853e+00  -5.8258149485145204e+01   3.9824020085553265e+01  -1.2244471625877251e+00
  -4.8512605963923150e-01  -5.5057323052971412e+01   4.0969004610354922e+01  -4.1661553403176841e+00
  -7.3685248276701358e+00  -6.9208690766035645e+01   4.0416191813583374e+01   4.1650820066561138e+00
  -5.8479464944529145e+00  -6.7092061710162184e+01   4.1173342369877290e+01   2.2198015814831873e+00
  -3.9902346824460864e+00  -6.4506146395682123e+01   4.2098363791771902e+01  -1.5677471489441608e-01
  -1.8882457710832909e+00  -6.1580199926682475e+01   4.3145019553461367e+01  -2.8458554375910414e+00
   4.1121586941846466e-01  -5.8379373494508684e+01   4.4290004078263024e+01  -5.7875636153210008e+00
  -2.3541966240140500e+01  -5.8385335943012826e+01   2.6580720374005544e+01  -2.0856837053909643e+00
  -2.2021387906923277e+01  -5.6268706887139373e+01   2.7337870930299452e+01  -4.0309641305638912e+00
  -2.0163676094916450e+01  -5.3682791572659312e+01   2.8262892352194072e+01  -6.4075404269414946e+00
  -1.8061687183553655e+01  -5.0756845103659664e+01   2.9309548113883540e+01  -9.0966211496381195e+00
  -1.5762225543051899e+01  -4.7556018671485873e+01   3.0454532638685198e+01  -1.2038329327368078e+01
  -2.2949237014972013e+01  -6.0582127502516308e+01   2.8776816950082839e+01  -3.1578817576842710e+00
  -2.1428658681754793e+01  -5.8465498446642854e+01   2.9533967506376751e+01  -5.1031621828571980e+00
  -1.9570946869747964e+01  -5.5879583132162793e+01   3.0458988928271371e+01  -7.4797384792348005e+00
  -1.7468957958385168e+01  -5.2953636663163138e+01   3.1505644689960839e+01  -1.0168819201931427e+01
  -1.5169496317883414e+01  -4.9752810230989347e+01   3.2650629214762496e+01  -1.3110527379661386e+01
  -2.2225091432424215e+01  -6.3265978468597069e+01   3.1459818845193851e+01  -4.4678011107646807e+00
  -2.0704513099206991e+01  -6.1149349412723616e+01   3.2216969401487759e+01  -6.4130815359376081e+00
  -1.8846801287200165e+01  -5.8563434098243555e+01   3.3141990823382379e+01  -8.7896578323152106e+00
  -1.6744812375837370e+01  -5.5637487629243907e+01   3.4188646585071851e+01  -1.1478738555011837e+01
  -1.4445350735335614e+01  -5.2436661197070109e+01   3.5333631109873508e+01  -1.4420446732741796e+01
  -2.1405725384962039e+01  -6.6302738494554930e+01   3.4495618152835860e+01  -5.9499663945069940e+00
  -1.9885147051744816e+01  -6.4186109438681470e+01   3.5252768709129768e+01  -7.8952468196799215e+00
  -1.8027435239737990e+01  -6.1600194124201415e+01   3.6177790131024388e+01  -1.0271823116057524e+01
  -1.5925446328375195e+01  -5.8674247655201768e+01   3.7224445892713860e+01  -1.2960903838754151e+01
  -1.3625984687873441e+01  -5.5473421223027977e+01   3.8369430417515517e+01  -1.5902612016484108e+01
  -2.0509383455904345e+01  -6.9624788936092202e+01   3.7816617620743969e+01  -7.5713746695103108e+00
  -1.8988805122687126e+01  -6.7508159880218741e+01   3.8573768177037877e+01  -9.5166550946832373e+00
  -1.7131093310680296e+01  -6.4922244565738694e+01   3.9498789598932490e+01  -1.1893231391060841e+01
  -1.5029104399317500e+01  -6.1996298096739039e+01   4.0545445360621962e+01  -1.4582312113757467e+01
  -1.2729642758815745e+01  -5.8795471664565248e+01   4.1690429885423619e+01  -1.7524020291487425e+01
  -2.1620778004189212e+01  -5.7926307491410256e+01   2.7713714141052211e+01   3.5651278374942574e-01
  -2.0100199670971993e+01  -5.5809678435536810e+01   2.8470864697346123e+01  -1.5887676414235012e+00
  -1.8242487858965163e+01  -5.3223763121056749e+01   2.9395886119240743e+01  -3.9653439378011042e+00
  -1.6140498947602367e+01  -5.0297816652057094e+01   3.0442541880930207e+01  -6.6544246604977300e+00
  -1.3841037307100613e+01  -4.7096990219883303e+01   3.1587526405731865e+01  -9.5961328382276889e+00
  -2.1028048779020729e+01  -6.0123099050913737e+01   2.9909810717129510e+01  -7.1568526854388059e-01
  -1.9507470445803506e+01  -5.8006469995040284e+01   3.0666961273423418e+01  -2.6609656937168080e+00
  -1.7649758633796679e+01  -5.5420554680560222e+01   3.1591982695318038e+01  -5.0375419900944109e+00
  -1.5547769722433884e+01  -5.2494608211560575e+01   3.2638638457007502e+01  -7.7266227127910359e+00
  -1.3248308081932130e+01  -4.9293781779386784e+01   3.3783622981809160e+01  -1.0668330890520995e+01
  -2.0303903196472930e+01  -6.2806950016994499e+01   3.2592812612240522e+01  -2.0256046216242907e+00
  -1.8783324863255707e+01  -6.0690320961121046e+01   3.3349963168534430e+01  -3.9708850467972177e+00
  -1.6925613051248881e+01  -5.8104405646640984e+01   3.4274984590429050e+01  -6.3474613431748210e+00
  -1.4823624139886084e+01  -5.5178459177641336e+01   3.5321640352118521e+01  -9.0365420658714459e+00
  -1.2524162499384328e+01  -5.1977632745467545e+01   3.6466624876920179e+01  -1.1978250243601405e+01
  -1.9484537149010755e+01  -6.5843710042952367e+01   3.5628611919882530e+01  -3.5077699053666040e+00
  -1.7963958815793532e+01  -6.3727080987078907e+01   3.6385762476176438e+01  -5.4530503305395310e+00
  -1.6106247003786706e+01  -6.1141165672598852e+01   3.7310783898071051e+01  -7.8296266269171335e+00
  -1.4004258092423910e+01  -5.8215219203599204e+01   3.8357439659760523e+01  -1.0518707349613759e+01
  -1.1704796451922155e+01  -5.5014392771425406e+01   3.9502424184562180e+01  -1.3460415527343720e+01
  -1.8588195219953061e+01  -6.9165760484489638e+01   3.8949611387790632e+01  -5.1291781803699212e+00
  -1.7067616886735838e+01  -6.7049131428616178e+01   3.9706761944084541e+01  -7.0744586055428478e+00
  -1.5209905074729010e+01  -6.4463216114136117e+01   4.0631783365979160e+01  -9.4510349019204511e+00
  -1.3107916163366214e+01  -6.1537269645136476e+01   4.1678439127668625e+01  -1.2140115624617076e+01
  -1.0808454522864460e+01  -5.8336443212962678e+01   4.2823423652470282e+01  -1.5081823802347035e+01
  -1.9273635472265859e+01  -5.7365506013471879e+01   2.9097908468956021e+01   3.3401783838757915e+00
  -1.7753057139048636e+01  -5.5248876957598426e+01   2.9855059025249936e+01   1.3948979587028640e+00
  -1.5895345327041809e+01  -5.2662961643118365e+01   3.0780080447144552e+01  -9.8167833767473889e-01
  -1.3793356415679014e+01  -4.9737015174118717e+01   3.1826736208834021e+01  -3.6707590603713642e+00
  -1.1493894775177260e+01  -4.6536188741944926e+01   3.2971720733635678e+01  -6.6124672381013241e+00
  -1.8680906247097376e+01  -5.9562297572975361e+01   3.1294005045033323e+01   2.2679803315824847e+00
  -1.7160327913880153e+01  -5.7445668517101907e+01   3.2051155601327231e+01   3.2269990640955726e-01
  -1.5302616101873326e+01  -5.4859753202621846e+01   3.2976177023221851e+01  -2.0538763899680452e+00
  -1.3200627190510531e+01  -5.1933806733622198e+01   3.4022832784911316e+01  -4.7429571126646710e+00
  -1.0901165550008775e+01  -4.8732980301448407e+01   3.5167817309712973e+01  -7.6846652903946300e+00
  -1.7956760664549574e+01  -6.2246148539056122e+01   3.3977006940144335e+01   9.5806097850207372e-01
  -1.6436182331332354e+01  -6.0129519483182669e+01   3.4734157496438243e+01  -9.8721944667085326e-01
  -1.4578470519325524e+01  -5.7543604168702608e+01   3.5659178918332856e+01  -3.3637957430484562e+00
  -1.2476481607962731e+01  -5.4617657699702960e+01   3.6705834680022335e+01  -6.0528764657450811e+00
  -1.0177019967460975e+01  -5.1416831267529162e+01   3.7850819204823985e+01  -8.9945846434750401e+00
  -1.7137394617087399e+01  -6.5282908565013983e+01   3.7012806247786337e+01  -5.2410430524023877e-01
  -1.5616816283870179e+01  -6.3166279509140530e+01   3.7769956804080252e+01  -2.4693847304131662e+00
  -1.3759104471863349e+01  -6.0580364194660476e+01   3.8694978225974864e+01  -4.8459610267907687e+00
  -1.1657115560500555e+01  -5.7654417725660821e+01   3.9741633987664336e+01  -7.5350417494873945e+00
  -9.3576539199987998e+00  -5.4453591293487030e+01   4.0886618512465986e+01  -1.0476749927217353e+01
  -1.6241052688029704e+01  -6.8604959006551255e+01   4.0333805715694439e+01  -2.1455125802435560e+00
  -1.4720474354812485e+01  -6.6488329950677809e+01   4.1090956271988354e+01  -4.0907930054164829e+00
  -1.2862762542805655e+01  -6.3902414636197747e+01   4.2015977693882974e+01  -6.4673693017940863e+00
  -1.0760773631442861e+01  -6.0976468167198092e+01   4.3062633455572438e+01  -9.1564500244907112e+00
  -8.4613119909411054e+00  -5.7775641735024301e+01   4.4207617980374096e+01  -1.2098158202220670e+01
  -1.6617858863857908e+01  -5.6730962764899374e+01   3.0664115406770549e+01   6.7161767309526645e+00
  -1.5097280530640685e+01  -5.4614333709025921e+01   3.1421265963064460e+01   4.7708963057797380e+00
  -1.3239568718633857e+01  -5.2028418394545859e+01   3.2346287384959084e+01   2.3943200094021346e+00
  -1.1137579807271061e+01  -4.9102471925546212e+01   3.3392943146648548e+01  -2.9476071329449027e-01
  -8.8381181667693056e+00  -4.5901645493372413e+01   3.4537927671450205e+01  -3.2364688910244497e+00
  -1.6025129638689421e+01  -5.8927754324402855e+01   3.2860211982847844e+01   5.6439786786593586e+00
  -1.4504551305472202e+01  -5.6811125268529395e+01   3.3617362539141759e+01   3.6986982534864303e+00
  -1.2646839493465372e+01  -5.4225209954049340e+01   3.4542383961036379e+01   1.3221219571088278e+00
  -1.0544850582102578e+01  -5.1299263485049693e+01   3.5589039722725843e+01  -1.3669587655877979e+00
  -8.2453889416008224e+00  -4.8098437052875894e+01   3.6734024247527501e+01  -4.3086669433177569e+00
  -1.5300984056141621e+01  -6.1611605290483610e+01   3.5543213877958863e+01   4.3340593255789486e+00
  -1.3780405722924399e+01  -5.9494976234610164e+01   3.6300364434252771e+01   2.3887789004060203e+00
  -1.1922693910917571e+01  -5.6909060920130102e+01   3.7225385856147383e+01   1.2202604028417774e-02
  -9.8207049995547759e+00  -5.3983114451130447e+01   3.8272041617836855e+01  -2.6768781186682076e+00
  -7.5212433590530212e+00  -5.0782288018956656e+01   3.9417026142638512e+01  -5.6185862963981670e+00
  -1.4481618008679447e+01  -6.4648365316441470e+01   3.8579013185600871e+01   2.8518940418366352e+00
  -1.2961039675462224e+01  -6.2531736260568024e+01   3.9336163741894779e+01   9.0661361666370777e-01
  -1.1103327863455396e+01  -5.9945820946087963e+01   4.0261185163789392e+01  -1.4699626797138947e+00
  -9.0013389520926026e+00  -5.7019874477088315e+01   4.1307840925478864e+01  -4.1590434024105205e+00
  -6.7018773115908470e+00  -5.3819048044914517e+01   4.2452825450280521e+01  -7.1007515801404795e+00
  -1.3585276079621753e+01  -6.7970415757978742e+01   4.1900012653508973e+01   1.2304857668333185e+00
  -1.2064697746404532e+01  -6.5853786702105296e+01   4.2657163209802881e+01  -7.1479465833960854e-01
  -1.0206985934397702e+01  -6.3267871387625235e+01   4.3582184631697501e+01  -3.0913709547172115e+00
  -8.1049970230349082e+00  -6.0341924918625587e+01   4.4628840393386966e+01  -5.7804516774138364e+00
  -5.8055353825331526e+00  -5.7141098486451789e+01   4.5773824918188623e+01  -8.7221598551437971e+00
  -1.3712583577311964e+01  -5.6036806933988800e+01   3.2377460684247438e+01   1.0409335460542533e+01
  -1.2192005244094743e+01  -5.3920177878115346e+01   3.3134611240541346e+01   8.4640550353696060e+00
  -1.0334293432087915e+01  -5.1334262563635285e+01   3.4059632662435959e+01   6.0874787389920026e+00
  -8.2323045207251191e+00  -4.8408316094635637e+01   3.5106288424125431e+01   3.3983980162953777e+00
  -5.9328428802233635e+00  -4.5207489662461839e+01   3.6251272948927088e+01   4.5668983856541789e-01
  -1.3119854352143479e+01  -5.8233598493492281e+01   3.4573557260324733e+01   9.3371374082492249e+00
  -1.1599276018926258e+01  -5.6116969437618820e+01   3.5330707816618641e+01   7.3918569830762983e+00
  -9.7415642069194295e+00  -5.3531054123138766e+01   3.6255729238513261e+01   5.0152806866986950e+00
  -7.6395752955566341e+00  -5.0605107654139118e+01   3.7302385000202733e+01   2.3261999640020701e+00
  -5.3401136550548784e+00  -4.7404281221965320e+01   3.8447369525004390e+01  -6.1550821372788977e-01
  -1.2395708769595679e+01  -6.0917449459573035e+01   3.7256559155435738e+01   8.0272180551688166e+00
  -1.0875130436378457e+01  -5.8800820403699589e+01   3.8013709711729646e+01   6.0819376299958900e+00
  -9.0174186243716292e+00  -5.6214905089219528e+01   3.8938731133624266e+01   3.7053613336182867e+00
  -6.9154297130088338e+00  -5.3288958620219873e+01   3.9985386895313738e+01   1.0162806109216609e+00
  -4.6159680725070782e+00  -5.0088132188046082e+01   4.1130371420115395e+01  -1.9254275668082985e+00
  -1.1576342722133504e+01  -6.3954209485530903e+01   4.0292358463077747e+01   6.5450527714265014e+00
  -1.0055764388916282e+01  -6.1837580429657450e+01   4.1049509019371655e+01   4.5997723462535749e+00
  -8.1980525769094541e+00  -5.9251665115177389e+01   4.1974530441266275e+01   2.2231960498759724e+00
  -6.0960636655466596e+00  -5.6325718646177741e+01   4.3021186202955747e+01  -4.6588467282065338e-01
  -3.7966020250449048e+00  -5.3124892214003943e+01   4.4166170727757404e+01  -3.4075928505506123e+00
  -1.0680000793075809e+01  -6.7276259927068168e+01   4.3613357930985856e+01   4.9236444964231865e+00
  -9.1594224598585878e+00  -6.5159630871194722e+01   4.4370508487279764e+01   2.9783640712502581e+00
  -7.3017106478517597e+00  -6.2573715556714660e+01   4.5295529909174377e+01   6.0178777487265567e-01
  -5.1997217364889643e+00  -5.9647769087715012e+01   4.6342185670863849e+01  -2.0872929478239697e+00
  -2.9002600959872087e+00  -5.6446942655541221e+01   4.7487170195665513e+01  -5.0290011255539291e+00