   4.1712114034322838e+01   7.1554958083649069e+01  -6.0318332335986767e+01   5.1917215479558919e+01   3.2442873548856880e+01  -6.5950077731897480e+01  -3.5041754726648506e+01  -5.2252288283697528e+00   6.3094908881767438e+01   8.3605678829019453e+01
   3.9630995630079383e+01   8.0393773547137613e+01  -5.6093199908745490e+01   5.7334171722151233e+01   9.7387477761122376e+00  -5.9763445851832017e+01  -3.5879812999075234e+01   4.4647025923583907e+00   6.6653957418310057e+01   8.6660748093720514e+01
   4.8082299825360714e+01   8.2868148508194054e+01  -6.5870657170484833e+01   6.3748203335127990e+01   2.4597464373253814e+01  -6.7668197326817477e+01  -4.2340719427827175e+01  -2.9811422294200742e+00   8.0902873103644012e+01   8.8154864528008645e+01
   3.7851067076780105e+01   8.4023056557333447e+01  -6.3613576326704070e+01   7.1400011389182765e+01   2.9997119187864989e+01  -6.2972732189904441e+01  -3.9125412068284803e+01   8.3050502148722600e+00   6.2119487467554265e+01   7.8741687530733572e+01
   4.3402503504831841e+01   7.1727381343402641e+01  -5.6425810571278340e+01   6.6928013317030832e+01   2.0027459445648205e+01  -7.9066587494880991e+01  -4.6497497102252304e+01   3.0721165998762849e+00   6.2217515450997539e+01   8.9046445941340394e+01
   2.9324785410342372e+01   7.1248754437039651e+01  -5.1886460325149038e+01   6.2480022224839992e+01   2.7866057609704857e+01  -6.5623808416119942e+01  -4.2756044561504247e+01   6.2970872685569681e+00   7.8869537119031833e+01   8.4880178424220560e+01
   5.0320824077556424e+01   8.2469826634240917e+01  -4.1963395787626325e+01   6.3804081102773281e+01   2.8458989105610712e+01  -6.5315908582131939e+01  -3.9755845813820450e+01   1.4956731055546149e+00   6.9443047366030214e+01   8.1463497625311092e+01
   4.8265374536106769e+01   7.0658369087932883e+01  -5.7539007612852643e+01   6.5045951647380107e+01   2.9047709622319527e+01  -5.5522089817360410e+01  -4.2856395890853115e+01   8.7142677284744448e+00   6.7000113840032753e+01   9.7216838555664992e+01
   3.9515163363669167e+01   7.1706660585422014e+01  -5.4567625150714257e+01   7.5840006605524863e+01   2.2627619577100340e+01  -6.1588638977804528e+01  -3.2669020551853045e+01  -9.4639081108240397e+00   6.8588419887337565e+01   8.8149194481736359e+01
   4.2726556181947863e+01   7.4508358407712365e+01  -5.6928828321557020e+01   6.4354934255764448e+01   2.3782643535126358e+01  -6.2322586767506394e+01  -4.3984568738507903e+01  -4.0311343100284169e-02   6.8459490872917868e+01   8.3087565397289907e+01
   4.6245787123415134e+01   6.7858724747461025e+01  -6.2235984994657244e+01   4.6681655672424355e+01   1.5793813650781921e+01  -6.5461885248811186e+01  -1.8392715229980194e+01   6.8211395229866216e+00   6.6030978223729363e+01   7.8473461760044401e+01
   5.4697091318696465e+01   7.0333099708517480e+01  -7.2013442256396587e+01   5.3095687285401119e+01   3.0652530247923497e+01  -7.3366636723796645e+01  -2.4853621658732138e+01  -6.2470529879184333e-01   8.0279893909063318e+01   7.9967578194332546e+01
   4.4465858570115856e+01   7.1488007757656860e+01  -6.9756361412615817e+01   6.0747495339455888e+01   3.6052185062534676e+01  -6.8671171586883617e+01  -2.1638314299189769e+01   1.0661487145500491e+01   6.1496508272973571e+01   7.0554401197057459e+01
   5.0017294998167593e+01   5.9192332543726067e+01  -6.2568595657190095e+01   5.6275497267303962e+01   2.6082525320317888e+01  -8.4765026891860174e+01  -2.9010399333157267e+01   5.4285535305045149e+00   6.1594536256416845e+01   8.0859159607664282e+01
   3.5939576903678123e+01   5.8713705637363070e+01  -5.8029245411060792e+01   5.1827506175113115e+01   3.3921123484374540e+01  -7.1322247813099111e+01  -2.5268946792409210e+01   8.6535241991851990e+00   7.8246557924451139e+01   7.6692892090544447e+01
   5.6935615570892175e+01   6.9934777834564329e+01  -4.8106180873538079e+01   5.3151565053046411e+01   3.4514054980280392e+01  -7.1014347979111122e+01  -2.2268748044725413e+01   3.8521100361828444e+00   6.8820068171449535e+01   7.3276211291634993e+01
   5.4880166029442520e+01   5.8123320288256302e+01  -6.3681792698764397e+01   5.4393435597653237e+01   3.5102775496989210e+01  -6.1220529214339578e+01  -2.5369298121758078e+01   1.1070704659102676e+01   6.6377134645452060e+01   8.9029552221988894e+01
   4.6129954857004918e+01   5.9171611785745434e+01  -6.0710410236626011e+01   6.5187490555797993e+01   2.8682685451770020e+01  -6.7287078374783704e+01  -1.5181922782758004e+01  -7.1074711801958088e+00   6.7965440692756871e+01   7.9961908148060246e+01
   4.9341347675283615e+01   6.1973309608035784e+01  -6.3071613407468774e+01   5.3702418206037571e+01   2.9837709409796041e+01  -6.8021026164485562e+01  -2.6497470969412863e+01   2.3161255875279458e+00   6.7836511678337189e+01   7.4900279063613795e+01
   5.2615972914453010e+01   7.9171915172006024e+01  -6.7788309829155310e+01   5.8512643527993426e+01   7.9484044751788581e+00  -6.7180004843731183e+01  -2.5691679931158863e+01   9.0652261219363020e+00   8.3838942445605952e+01   8.3022647459033593e+01
   4.2384740165872401e+01   8.0326823221145403e+01  -6.5531228985374540e+01   6.6164451582048201e+01   1.3348059289790033e+01  -6.2484539706818154e+01  -2.2476372571616494e+01   2.0351418566228638e+01   6.5055556809516204e+01   7.3609470461758519e+01
   4.7936176593924138e+01   6.8031148007214597e+01  -5.8343463229948817e+01   6.1692453509896275e+01   3.3783995475732489e+00  -7.8578395011794697e+01  -2.9848457605583992e+01   1.5118484951232659e+01   6.5153584792959478e+01   8.3914228872365342e+01
   3.3858458499434668e+01   6.7552521100851607e+01  -5.3804112983819515e+01   5.7244462417705428e+01   1.1216997711629899e+01  -6.5135615933033648e+01  -2.6107005064835935e+01   1.8343455619913343e+01   8.1805606460993772e+01   7.9747961355245508e+01
   5.4854497166648720e+01   7.8773593298052859e+01  -4.3881048446296802e+01   5.8568521295638718e+01   1.1809929207535756e+01  -6.4827716099045659e+01  -2.3106806317152142e+01   1.3542041456910990e+01   7.2379116707992154e+01   7.6331280556336040e+01
   5.2799047625199066e+01   6.6962135751744839e+01  -5.9456660271523120e+01   5.9810391840245543e+01   1.2398649724244571e+01  -5.5033897334274116e+01  -2.6207356394184803e+01   2.0760636079830821e+01   6.9936183181994693e+01   9.2084621486689940e+01
   4.4048836452761464e+01   6.8010427249233970e+01  -5.6485277809384726e+01   7.0604446798390299e+01   5.9785596790253823e+00  -6.1100446494718241e+01  -1.6019981055184733e+01   2.5824602405323356e+00   7.1524489229299490e+01   8.3016977412761307e+01
   4.7260229271040160e+01   7.0812125071524321e+01  -5.8846480980227497e+01   5.9119374448629884e+01   7.1335836370514016e+00  -6.1834394284420100e+01  -2.7335529241839588e+01   1.2006057008256091e+01   7.1395560214879808e+01   7.7955348328314855e+01
   5.0836044361153732e+01   8.2801198182201858e+01  -7.5308686247113883e+01   7.2578483195024958e+01   2.8206775886931609e+01  -7.0389291181803614e+01  -2.8937279000368434e+01   1.2905573744450169e+01   7.9304472494850160e+01   7.5103586896046650e+01
   5.6387480789205469e+01   7.0505522968271066e+01  -6.8120920491688153e+01   6.8106485122873039e+01   1.8237116144714825e+01  -8.6483146486780171e+01  -3.6309364034335935e+01   7.6726401294541944e+00   7.9402500478293433e+01   8.5408345306653473e+01
   4.2309762694715999e+01   7.0026896061908062e+01  -6.3581570245558858e+01   6.3658494030682185e+01   2.6075714308771474e+01  -7.3040367408019108e+01  -3.2567911493587872e+01   1.0897610798134878e+01   9.6054522146327713e+01   8.1242077789533639e+01
   6.3305801361930051e+01   8.1247968259109314e+01  -5.3658505708036138e+01   6.4982552908615475e+01   2.6668645804677332e+01  -7.2732467574031119e+01  -2.9567712745904082e+01   6.0961966351325243e+00   8.6628032393326109e+01   7.7825396990624185e+01
   6.1250351820480397e+01   6.9436510712801294e+01  -6.9234117533262463e+01   6.6224423453222300e+01   2.7257366321386147e+01  -6.2938648809259583e+01  -3.2668262822936740e+01   1.3314791258052356e+01   8.4185098867328648e+01   9.3578737920978085e+01
   5.2500140648042795e+01   7.0484802210290425e+01  -6.6262735071124069e+01   7.7018478411367056e+01   2.0837276276166961e+01  -6.9005197969703701e+01  -2.2480887483936669e+01  -4.8633845812461303e+00   8.5773404914633446e+01   8.4511093847049437e+01
   5.5711533466321484e+01   7.3286500032580776e+01  -6.8623938241966840e+01   6.5533406061606641e+01   2.1992300234192978e+01  -6.9739145759405559e+01  -3.3796435670591528e+01   4.5602121864776262e+00   8.5644475900213763e+01   7.9449464762602986e+01
   4.6156248040624860e+01   7.1660431017410446e+01  -6.5863839647907398e+01   7.5758293176927808e+01   2.3636770959326000e+01  -8.1787681349867142e+01  -3.3094056674793563e+01   1.8958832573746527e+01   6.0619114842203679e+01   7.5995168309378400e+01
   3.2078529946135390e+01   7.1181804111047441e+01  -6.1324489401778095e+01   7.1310302084736961e+01   3.1475369123382652e+01  -6.8344902271106079e+01  -2.9352604134045507e+01   2.2183803242427214e+01   7.7271136510237980e+01   7.1828900792258565e+01
   5.3074568613349442e+01   8.2402876308248693e+01  -5.1401424864255375e+01   7.2634360962670257e+01   3.2068300619288507e+01  -6.8037002437118090e+01  -2.6352405386361713e+01   1.7382389079424861e+01   6.7844646757236362e+01   6.8412219993349098e+01
   5.1019119071899787e+01   7.0591418761940673e+01  -6.6977036689481707e+01   7.3876231507277083e+01   3.2657021135997326e+01  -5.8243183672346547e+01  -2.9452955463394375e+01   2.4600983702344688e+01   6.5401713231238901e+01   8.4165560923702998e+01
   4.2268907899462185e+01   7.1639710259429805e+01  -6.4005654227343314e+01   8.4670286465421825e+01   2.6236931090778135e+01  -6.4309732832790672e+01  -1.9265580124394305e+01   6.4228078630462049e+00   6.6990019278543699e+01   7.5097916849774364e+01
   4.5480300717740874e+01   7.4441408081720155e+01  -6.6366857398186070e+01   7.3185214115661410e+01   2.7391955048804153e+01  -6.5043680622492531e+01  -3.0581128311049163e+01   1.5846404630769960e+01   6.6861090264124016e+01   7.0036287765327913e+01
   3.7629966374187127e+01   5.8886128897116642e+01  -5.4136723646352365e+01   6.6838304012585027e+01   2.1505709381165865e+01  -8.4438757576082622e+01  -3.6724689168013008e+01   1.6950869627431238e+01   7.7369164493681254e+01   8.2133659202865388e+01
   5.8626005041401179e+01   7.0107201094317901e+01  -4.4213659108829653e+01   6.8162362890518324e+01   2.2098640877071723e+01  -8.4130857742094634e+01  -3.3724490420329211e+01   1.2149455464428883e+01   6.7942674740679635e+01   7.8716978403955920e+01
   5.6570555499951524e+01   5.8295743548009874e+01  -5.9789270934055970e+01   6.9404233435125150e+01   2.2687361393780538e+01  -7.4337038977323090e+01  -3.6825040497361876e+01   1.9368050087348713e+01   6.5499741214682174e+01   9.4470319334309821e+01
   4.7820344327513922e+01   5.9344035045499012e+01  -5.6817888471917584e+01   8.0198288393269905e+01   1.6267271348561348e+01  -8.0403588137767230e+01  -2.6637665158361802e+01   1.1898742480502289e+00   6.7088047261986972e+01   8.5402675260381187e+01
   5.1031737145792611e+01   6.2145732867789356e+01  -5.9179091642760348e+01   6.8713216043509490e+01   1.7422295306587369e+01  -8.1137535927469088e+01  -3.7953213345016657e+01   1.0613471015773985e+01   6.6959118247567289e+01   8.0341046175934736e+01
   4.4548286946911709e+01   6.9628574187954911e+01  -3.9674308862700350e+01   6.3714371798327477e+01   2.9937239041128372e+01  -7.0688078663333570e+01  -2.9983037879581154e+01   1.5374426133109566e+01   8.4594696408713929e+01   7.4550710886836086e+01
   4.2492837405462055e+01   5.7817116641646876e+01  -5.5249920687926668e+01   6.4956242342934303e+01   3.0525959557837190e+01  -6.0894259898562041e+01  -3.3083587956613812e+01   2.2593020756029397e+01   8.2151762882716469e+01   9.0304051817189986e+01
   3.3742626233024453e+01   5.8865408139136008e+01  -5.2278538225788282e+01   7.5750297301079058e+01   2.4105869512618000e+01  -6.6960809059006166e+01  -2.2896212617613742e+01   4.4148449167309121e+00   8.3740068930021266e+01   8.1236407743261353e+01
   3.6954019051303149e+01   6.1667105961426358e+01  -5.4639741396631045e+01   6.4265224951318643e+01   2.5260893470644021e+01  -6.7694756848708025e+01  -3.4211760804268600e+01   1.3838441684454668e+01   8.3611139915601584e+01   7.6174778658814901e+01
   6.3488876072676106e+01   6.9038188838848129e+01  -4.5326856150403955e+01   6.6280301220867599e+01   3.1118891053743042e+01  -6.0586360064574045e+01  -3.0083389208930022e+01   1.7791606593027044e+01   7.2725273129714850e+01   8.6887371018280533e+01
   5.4738664900238504e+01   7.0086480336337274e+01  -4.2355473688265569e+01   7.7074356179012355e+01   2.4698801008523855e+01  -6.6652909225018163e+01  -1.9896013869929948e+01  -3.8656924627144118e-01   7.4313579177019662e+01   7.7819726944351899e+01
   5.7950057718517201e+01   7.2888178158627625e+01  -4.4716676859108333e+01   6.5589283829251940e+01   2.5853824966549876e+01  -6.7386857014720036e+01  -3.1211562056584807e+01   9.0370275214523144e+00   7.4184650162599965e+01   7.2758097859905448e+01
   5.2683215358788850e+01   5.8275022790029240e+01  -5.7931085513491887e+01   7.8316226723619181e+01   2.5287521525232670e+01  -5.6859090460246634e+01  -2.2996563946962610e+01   6.8320253766483896e+00   7.1870645651022187e+01   9.3573067874705785e+01
   5.5894608177067539e+01   6.1076720612319590e+01  -6.0292288684334650e+01   6.6831154373858766e+01   2.6442545483258691e+01  -5.7593038249948492e+01  -3.4312112133617468e+01   1.6255622144372147e+01   7.1741716636602504e+01   8.8511438790259334e+01
   4.7144397004629944e+01   6.2125012109808722e+01  -5.7320906222196264e+01   7.7625209332003507e+01   2.0022455438039504e+01  -6.3659587410392618e+01  -2.4124736794617398e+01  -1.9225536949263393e+00   7.3330022683907316e+01   7.9443794716330700e+01
   5.0355789822908633e+01   6.4926709932099072e+01  -5.9682109393039028e+01   6.6140136982243092e+01   2.1177479396065522e+01  -6.4393535200094476e+01  -3.5440284981272256e+01   7.5010430727974153e+00   7.3201093669487619e+01   7.4382165631884249e+01