   4.1481493101236047e+01   7.0288761940881713e+01  -4.4285302238595605e+01   4.4931523010181564e+01   1.8805080023325658e+01
   5.8348191554270493e+01   5.2411374402030773e+01  -5.7739763054218976e+01   4.2147949260460891e+01   2.1477662935203846e+01
   3.7994898777211198e+01   5.8005838279511721e+01  -6.5419485879708688e+01   4.8298985297854394e+01   5.4267420879376029e+00
   6.0388363317832827e+01   6.8551967163222983e+01  -5.2891621583549515e+01   5.1213217163047922e+01   7.5001457299900309e-01
   4.8619644321609066e+01   5.6913929177837502e+01  -5.0566883719448612e+01   5.3685758161322077e+01   1.1452138657203756e+01
   5.2946185835197049e+01   7.3798987919336554e+01  -6.0573407246956393e+01   4.5848092930241386e+01   3.8555945040187510e+01
   3.2592893058137754e+01   7.9393451796817502e+01  -6.8253130072446112e+01   5.1999128967634888e+01   2.2505024192921272e+01
   5.4986357598759390e+01   8.9939580680528763e+01  -5.5725265776286932e+01   5.4913360832828417e+01   1.7828296677982671e+01
   4.3217638602535622e+01   7.8301542695143283e+01  -5.3400527912186028e+01   5.7385901831102572e+01   2.8530420762187426e+01
   4.9459591511172199e+01   6.1516064257966548e+01  -8.1707590888069475e+01   4.9215555217914222e+01   2.5177607104799456e+01
   7.1853056051793828e+01   7.2062193141677810e+01  -6.9179726591910295e+01   5.2129787083107750e+01   2.0500879589860855e+01
   6.0084337055570060e+01   6.0424155156292336e+01  -6.6854988727809399e+01   5.4602328081381906e+01   3.1203003674065609e+01
   5.1499763274734534e+01   7.7656657019158757e+01  -7.6859449417400015e+01   5.8280823120501253e+01   4.4499587425946139e+00
   3.9731044278510765e+01   6.6018619033773291e+01  -7.4534711553299104e+01   6.0753364118775409e+01   1.5152082826799369e+01
   6.2124508819132402e+01   7.6564747917484539e+01  -6.2006847257139931e+01   6.3667595983968937e+01   1.0475355311860767e+01
   5.0355789822908633e+01   6.4926709932099072e+01  -5.9682109393039028e+01   6.6140136982243092e+01   2.1177479396065522e+01