  -8.9535533878407625e-03   0.0000000000000000e+00   0.0000000000000000e+00   0.0000000000000000e+00   0.0000000000000000e+00  -1.0553059814045457e-01   0.0000000000000000e+00  -7.8610344710151625e-01  -6.0895360840786772e-01   0.0000000000000000e+00
   0.0000000000000000e+00   3.3561392839090176e-01  -1.1133086931789227e+00   0.0000000000000000e+00   0.0000000000000000e+00   0.0000000000000000e+00   0.0000000000000000e+00   0.0000000000000000e+00   0.0000000000000000e+00   1.6785612159031860e-01
   0.0000000000000000e+00  -3.4009272291883152e-01  -6.9352837844596815e-01   0.0000000000000000e+00   0.0000000000000000e+00   0.0000000000000000e+00   0.0000000000000000e+00   0.0000000000000000e+00   0.0000000000000000e+00  -1.1494615957812091e+00
   0.0000000000000000e+00   0.0000000000000000e+00   0.0000000000000000e+00   2.4886675978566458e-01  -7.1232144829447031e-01   0.0000000000000000e+00   6.5624956394153489e-01   0.0000000000000000e+00   0.0000000000000000e+00   0.0000000000000000e+00
   0.0000000000000000e+00   0.0000000000000000e+00   0.0000000000000000e+00   7.6044242200637246e-01  -2.7591929209624344e-01   0.0000000000000000e+00  -5.8787402312246173e-01   0.0000000000000000e+00   0.0000000000000000e+00   0.0000000000000000e+00
  -8.8125358295256906e-01   0.0000000000000000e+00   0.0000000000000000e+00   0.0000000000000000e+00   0.0000000000000000e+00  -8.7791307337120206e-02   0.0000000000000000e+00   2.9785138493164476e-01  -3.5632760401574254e-01   0.0000000000000000e+00
   0.0000000000000000e+00   0.0000000000000000e+00   0.0000000000000000e+00  -5.9982719068650625e-01  -6.4534231114097584e-01   0.0000000000000000e+00  -4.7301230720178589e-01   0.0000000000000000e+00   0.0000000000000000e+00   0.0000000000000000e+00
   1.1088521637454024e-02   0.0000000000000000e+00   0.0000000000000000e+00   0.0000000000000000e+00   0.0000000000000000e+00   9.7241500054874619e-01   0.0000000000000000e+00   4.6231184525449207e-02  -2.2836109338731975e-01   0.0000000000000000e+00
  -4.7242883178621298e-01   0.0000000000000000e+00   0.0000000000000000e+00   0.0000000000000000e+00   0.0000000000000000e+00   1.8858697176618519e-01   0.0000000000000000e+00  -5.3961894011124945e-01   6.7086313988054624e-01   0.0000000000000000e+00
   0.0000000000000000e+00  -1.1455198361495700e+00   2.3051752474355861e-01   0.0000000000000000e+00   0.0000000000000000e+00   0.0000000000000000e+00   0.0000000000000000e+00   0.0000000000000000e+00   0.0000000000000000e+00   1.2947611264226300e+00
  -1.1665962768382323e+00   0.0000000000000000e+00   0.0000000000000000e+00   0.0000000000000000e+00   0.0000000000000000e+00   0.0000000000000000e+00   0.0000000000000000e+00  -8.4223544363282032e-01   0.0000000000000000e+00   8.2159906092401047e-01
   0.0000000000000000e+00  -9.1813438001744840e-01   0.0000000000000000e+00   0.0000000000000000e+00   0.0000000000000000e+00  -1.7844489784090037e-01   0.0000000000000000e+00   0.0000000000000000e+00  -3.5381729559834441e-01   0.0000000000000000e+00
   0.0000000000000000e+00   0.0000000000000000e+00  -5.6116711843052602e-01   5.7030484479665500e-01   4.0446516628135099e-01   0.0000000000000000e+00   4.4300313594696161e-01   0.0000000000000000e+00   0.0000000000000000e+00   0.0000000000000000e+00
   0.0000000000000000e+00   0.0000000000000000e+00   5.5160210357442374e-01   6.5163319596121339e-01   3.0706113543290070e-01   0.0000000000000000e+00  -4.2050298020383098e-01   0.0000000000000000e+00   0.0000000000000000e+00   0.0000000000000000e+00
   0.0000000000000000e+00   0.0000000000000000e+00   6.0684830929398081e-01  -1.5288242382062903e-01   2.4731818460340299e-01   0.0000000000000000e+00   7.3972684793661780e-01   0.0000000000000000e+00   0.0000000000000000e+00   0.0000000000000000e+00
   0.0000000000000000e+00  -3.5628523416550723e-01   0.0000000000000000e+00   0.0000000000000000e+00   0.0000000000000000e+00   7.6258011554287097e-01   0.0000000000000000e+00   0.0000000000000000e+00   5.3993740312581739e-01   0.0000000000000000e+00
   0.0000000000000000e+00   0.0000000000000000e+00  -1.1207905259988316e-01  -4.7618644080818595e-01   8.2520003873977976e-01   0.0000000000000000e+00  -2.8236440218733366e-01   0.0000000000000000e+00   0.0000000000000000e+00   0.0000000000000000e+00
  -4.1415341885155016e-01   0.0000000000000000e+00   0.0000000000000000e+00   0.0000000000000000e+00   0.0000000000000000e+00   0.0000000000000000e+00   0.0000000000000000e+00  -1.4370843150534665e-01   0.0000000000000000e+00  -9.1629790031634673e-01
   0.0000000000000000e+00   1.7346495941718384e-01   0.0000000000000000e+00   0.0000000000000000e+00   0.0000000000000000e+00   6.2179497088121605e-01   0.0000000000000000e+00   0.0000000000000000e+00  -7.6372830381047330e-01   0.0000000000000000e+00
  -7.3357042919514170e-01   0.0000000000000000e+00   0.0000000000000000e+00   0.0000000000000000e+00   0.0000000000000000e+00   0.0000000000000000e+00   0.0000000000000000e+00   1.7026515338934736e+00   0.0000000000000000e+00  -2.2806390422477429e-01
  -2.7707479163879800e-01   0.0000000000000000e+00   0.0000000000000000e+00   0.0000000000000000e+00   4.3781211808245168e-01   0.0000000000000000e+00   0.0000000000000000e+00  -8.5530702621834864e-01   0.0000000000000000e+00   0.0000000000000000e+00
   0.0000000000000000e+00  -7.2733319068582902e-01   0.0000000000000000e+00  -8.7931617069541973e-02   0.0000000000000000e+00   0.0000000000000000e+00   0.0000000000000000e+00   0.0000000000000000e+00  -6.6605345474694466e-01   1.4009730856075445e-01
   0.0000000000000000e+00   0.0000000000000000e+00   1.0850785923339410e+00   0.0000000000000000e+00   0.0000000000000000e+00  -1.5319213821900883e+00  -4.5821377105019356e-01   0.0000000000000000e+00   0.0000000000000000e+00   0.0000000000000000e+00
   0.0000000000000000e+00   5.7645371484740959e-01   0.0000000000000000e+00  -6.1644780319014236e-01   0.0000000000000000e+00   0.0000000000000000e+00   0.0000000000000000e+00   0.0000000000000000e+00  -5.2494195898062246e-01   1.1013246697615900e-01
  -6.5144485546665665e-01   0.0000000000000000e+00   0.0000000000000000e+00   0.0000000000000000e+00   5.6873433563531961e-01   0.0000000000000000e+00   0.0000000000000000e+00   5.0215620652888238e-01   0.0000000000000000e+00   0.0000000000000000e+00
   0.0000000000000000e+00   0.0000000000000000e+00   9.8475702948236377e-04   0.0000000000000000e+00   0.0000000000000000e+00  -4.0858143051294077e-01   9.8125505975069360e-01   0.0000000000000000e+00   0.0000000000000000e+00   0.0000000000000000e+00
   0.0000000000000000e+00   0.0000000000000000e+00  -1.1747638362413098e+00   0.0000000000000000e+00   0.0000000000000000e+00  -2.2514678414503786e-01  -3.4572598031017149e-01   0.0000000000000000e+00   0.0000000000000000e+00   0.0000000000000000e+00
  -7.0629254570917266e-01   0.0000000000000000e+00   0.0000000000000000e+00   0.0000000000000000e+00  -6.9632018836854703e-01   0.0000000000000000e+00   0.0000000000000000e+00  -1.2762850444178603e-01   0.0000000000000000e+00   0.0000000000000000e+00
   0.0000000000000000e+00   1.6059018611191664e-01   0.0000000000000000e+00   3.3696041960607259e-01   0.0000000000000000e+00   0.0000000000000000e+00   0.0000000000000000e+00   0.0000000000000000e+00  -2.4783371122411312e-02   9.2739109994610558e-01
   0.0000000000000000e+00  -3.3600347690155463e-01   0.0000000000000000e+00  -7.0619955556519731e-01   0.0000000000000000e+00   0.0000000000000000e+00   0.0000000000000000e+00   0.0000000000000000e+00   5.2933403408155744e-01   3.2892146721144516e-01
   7.2937926819420507e-01   4.6352321050415290e-01   0.0000000000000000e+00   0.0000000000000000e+00  -5.0314224276282582e-01   0.0000000000000000e+00   0.0000000000000000e+00   0.0000000000000000e+00   0.0000000000000000e+00   0.0000000000000000e+00
   6.6464704631767790e-01  -3.0595347817425267e-01   0.0000000000000000e+00   0.0000000000000000e+00   6.8164270187119702e-01   0.0000000000000000e+00   0.0000000000000000e+00   0.0000000000000000e+00   0.0000000000000000e+00   0.0000000000000000e+00
   0.0000000000000000e+00   0.0000000000000000e+00   4.0725944630938482e-01   0.0000000000000000e+00   0.0000000000000000e+00  -7.0115540938616494e-01  -3.9954909816839168e-01   0.0000000000000000e+00   4.2764629477304983e-01   0.0000000000000000e+00
   0.0000000000000000e+00   0.0000000000000000e+00   0.0000000000000000e+00   1.1306609949732478e+00   0.0000000000000000e+00   0.0000000000000000e+00   0.0000000000000000e+00   8.0390499817233763e-01   0.0000000000000000e+00   2.3479362483276078e-01
   1.6201909439838036e-01  -8.3158806059069912e-01   0.0000000000000000e+00   0.0000000000000000e+00  -5.3123545677348061e-01   0.0000000000000000e+00   0.0000000000000000e+00   0.0000000000000000e+00   0.0000000000000000e+00   0.0000000000000000e+00
   0.0000000000000000e+00   0.0000000000000000e+00  -6.4114339069119908e-01   0.0000000000000000e+00   0.0000000000000000e+00  -5.3641081398576063e-01   5.0858078316989341e-01   0.0000000000000000e+00   2.0626240133001211e-01   0.0000000000000000e+00
   0.0000000000000000e+00   0.0000000000000000e+00   6.4128353949539374e-01   0.0000000000000000e+00   0.0000000000000000e+00  -1.6556816558811543e-01   7.1910364949769812e-01   0.0000000000000000e+00  -2.1031534845354788e-01   0.0000000000000000e+00
   0.0000000000000000e+00   0.0000000000000000e+00   0.0000000000000000e+00  -1.6411114935365745e-01   0.0000000000000000e+00   0.0000000000000000e+00   0.0000000000000000e+00  -1.5080759492072637e+00   0.0000000000000000e+00   6.0893384578378562e-01
   0.0000000000000000e+00   0.0000000000000000e+00  -1.0876726500664355e-01   0.0000000000000000e+00   0.0000000000000000e+00  -4.3958129290432651e-01  -2.5415752285190063e-01   0.0000000000000000e+00  -8.5460044615558317e-01   0.0000000000000000e+00
   0.0000000000000000e+00   0.0000000000000000e+00   0.0000000000000000e+00  -5.9070524310276151e-01   0.0000000000000000e+00   0.0000000000000000e+00   0.0000000000000000e+00   7.7027192686034085e-01   0.0000000000000000e+00   1.6985312662618672e+00
  -1.9586488342723474e-01   0.0000000000000000e+00  -2.3824302326990004e-01   0.0000000000000000e+00   0.0000000000000000e+00   2.3964287867375003e-01   0.0000000000000000e+00  -9.2056966059294609e-01   0.0000000000000000e+00   0.0000000000000000e+00
   0.0000000000000000e+00   7.2097227074874193e-01   0.0000000000000000e+00  -5.3468703347961810e-01   4.4080467447631366e-01   0.0000000000000000e+00   0.0000000000000000e+00   0.0000000000000000e+00   0.0000000000000000e+00   0.0000000000000000e+00
  -8.9072649469517617e-01   0.0000000000000000e+00  -3.0898445515282369e-01   0.0000000000000000e+00   0.0000000000000000e+00  -2.6666469164916728e-01   0.0000000000000000e+00   2.0006214122019961e-01   0.0000000000000000e+00   0.0000000000000000e+00
   0.0000000000000000e+00   6.9122630489569037e-01   0.0000000000000000e+00   5.9992250824909510e-01  -4.0286372325684128e-01   0.0000000000000000e+00   0.0000000000000000e+00   0.0000000000000000e+00   0.0000000000000000e+00   0.0000000000000000e+00
   0.0000000000000000e+00   4.9042636875001822e-02   0.0000000000000000e+00  -5.9514935967778726e-01  -8.0211723547338531e-01   0.0000000000000000e+00   0.0000000000000000e+00   0.0000000000000000e+00   0.0000000000000000e+00   0.0000000000000000e+00
  -3.9431536018439894e-01   0.0000000000000000e+00   6.2178340316878067e-01   0.0000000000000000e+00   0.0000000000000000e+00   6.6965134998228526e-01   0.0000000000000000e+00   9.7302958502814674e-02   0.0000000000000000e+00   0.0000000000000000e+00
   0.0000000000000000e+00   0.0000000000000000e+00   0.0000000000000000e+00   0.0000000000000000e+00   0.0000000000000000e+00   0.0000000000000000e+00   3.3441429016624841e-01   0.0000000000000000e+00   7.1942150747060882e-02  -1.5104966879329738e+00
  -1.1295421997750912e-01   0.0000000000000000e+00   6.7908340274297696e-01   0.0000000000000000e+00   0.0000000000000000e+00  -6.5040625949902697e-01   0.0000000000000000e+00  -3.2102768402861570e-01   0.0000000000000000e+00   0.0000000000000000e+00
   0.0000000000000000e+00   0.0000000000000000e+00   0.0000000000000000e+00   0.0000000000000000e+00   0.0000000000000000e+00   0.0000000000000000e+00  -1.5910587528435699e-01   0.0000000000000000e+00  -1.1941798042130773e+00  -9.4543482261450762e-01
   0.0000000000000000e+00   0.0000000000000000e+00   0.0000000000000000e+00   0.0000000000000000e+00   0.0000000000000000e+00   0.0000000000000000e+00  -1.1714699662643042e+00   0.0000000000000000e+00  -5.4930105044475735e-03  -5.8729688031783545e-01
  -9.4412050512645659e-02   0.0000000000000000e+00  -5.8112322512183590e-01  -7.2047346528088996e-01   0.0000000000000000e+00   0.0000000000000000e+00   0.0000000000000000e+00  -3.6646984564646151e-01   0.0000000000000000e+00   0.0000000000000000e+00
   0.0000000000000000e+00  -8.1676690708476551e-02   0.0000000000000000e+00   0.0000000000000000e+00   0.0000000000000000e+00   6.0835033207725853e-01   1.4053614838303250e+00   0.0000000000000000e+00   0.0000000000000000e+00   0.0000000000000000e+00
  -2.2332124872051204e-01   0.0000000000000000e+00  -4.0639738623603239e-01   6.5853772309234671e-01   0.0000000000000000e+00   0.0000000000000000e+00   0.0000000000000000e+00  -5.9270300454340330e-01   0.0000000000000000e+00   0.0000000000000000e+00
  -2.0690329751864789e-01   0.0000000000000000e+00  -6.4105625504933461e-01   1.7950192529745490e-01   0.0000000000000000e+00   0.0000000000000000e+00   0.0000000000000000e+00   7.1694976264208332e-01   0.0000000000000000e+00   0.0000000000000000e+00
   0.0000000000000000e+00   0.0000000000000000e+00   0.0000000000000000e+00   0.0000000000000000e+00  -4.6948976151223176e-02   0.0000000000000000e+00   0.0000000000000000e+00   0.0000000000000000e+00   6.3845472393885427e-01  -7.6822611197388557e-01
   0.0000000000000000e+00   1.2247719513830087e+00   0.0000000000000000e+00   0.0000000000000000e+00   0.0000000000000000e+00  -2.2441904388019046e-01   2.3685535920109924e-01   0.0000000000000000e+00   0.0000000000000000e+00   0.0000000000000000e+00
   0.0000000000000000e+00  -4.9782711101822563e-01   0.0000000000000000e+00   0.0000000000000000e+00   0.0000000000000000e+00   1.4474000933984625e+00  -9.7152246735058467e-01   0.0000000000000000e+00   0.0000000000000000e+00   0.0000000000000000e+00
   9.4784229176789669e-01   0.0000000000000000e+00  -2.9357084246675391e-01   1.2257696319048204e-01   0.0000000000000000e+00   0.0000000000000000e+00   0.0000000000000000e+00  -1.9647862085767909e-02   0.0000000000000000e+00   0.0000000000000000e+00
   0.0000000000000000e+00   0.0000000000000000e+00   0.0000000000000000e+00   0.0000000000000000e+00   8.4242745619678827e-01   0.0000000000000000e+00   0.0000000000000000e+00   0.0000000000000000e+00   4.3857168257785095e-01   3.1300297168979330e-01
   0.0000000000000000e+00   0.0000000000000000e+00   0.0000000000000000e+00   0.0000000000000000e+00  -5.3676044441087511e-01   0.0000000000000000e+00   0.0000000000000000e+00   0.0000000000000000e+00   6.3247960024098326e-01   5.5844228045058142e-01
   2.0513904398652069e-01   0.0000000000000000e+00  -8.8440685754689485e-01   1.7733173994310453e-01   0.0000000000000000e+00  -3.7986305027611406e-01   0.0000000000000000e+00   0.0000000000000000e+00   0.0000000000000000e+00   0.0000000000000000e+00
   0.0000000000000000e+00  -9.6189654336144015e-01   0.0000000000000000e+00   0.0000000000000000e+00  -1.5957250479591095e-01   0.0000000000000000e+00   0.0000000000000000e+00   0.0000000000000000e+00   0.0000000000000000e+00  -2.2201724163332964e-01
   3.1858909007174058e-01   0.0000000000000000e+00  -7.5654135191332239e-02  -9.4049016925651208e-01   0.0000000000000000e+00  -9.0860800390319379e-02   0.0000000000000000e+00   0.0000000000000000e+00   0.0000000000000000e+00   0.0000000000000000e+00
   8.1567225764818052e-01   0.0000000000000000e+00   5.1687427752949433e-03   2.2437865957052971e-01   0.0000000000000000e+00   5.3320377842863720e-01   0.0000000000000000e+00   0.0000000000000000e+00   0.0000000000000000e+00   0.0000000000000000e+00
   0.0000000000000000e+00   2.6532299591245367e-01   0.0000000000000000e+00   0.0000000000000000e+00  -3.4870240846117545e-01   0.0000000000000000e+00   0.0000000000000000e+00   0.0000000000000000e+00   0.0000000000000000e+00  -8.9889395268486239e-01
   4.3714726628754819e-01   0.0000000000000000e+00   4.6051519654686812e-01   1.8353722420790033e-01   0.0000000000000000e+00  -7.5042795034352339e-01   0.0000000000000000e+00   0.0000000000000000e+00   0.0000000000000000e+00   0.0000000000000000e+00
   0.0000000000000000e+00   0.0000000000000000e+00   0.0000000000000000e+00   0.0000000000000000e+00   0.0000000000000000e+00   0.0000000000000000e+00   1.4020315970631489e+00  -2.1854958690217030e-01   3.0946582279879281e-01   0.0000000000000000e+00
   0.0000000000000000e+00   0.0000000000000000e+00   0.0000000000000000e+00   0.0000000000000000e+00   0.0000000000000000e+00   0.0000000000000000e+00  -7.4592277598519663e-01  -1.2674521703220902e+00  -2.5414886402227332e-01   0.0000000000000000e+00
   0.0000000000000000e+00   0.0000000000000000e+00   0.0000000000000000e+00   0.0000000000000000e+00   0.0000000000000000e+00   0.0000000000000000e+00   8.7767103390147017e-01   5.7531457292489252e-01  -9.7510193412573964e-01   0.0000000000000000e+00
   0.0000000000000000e+00  -6.6020812698371345e-02   0.0000000000000000e+00   0.0000000000000000e+00   9.2354926563044493e-01   0.0000000000000000e+00   0.0000000000000000e+00   0.0000000000000000e+00   0.0000000000000000e+00  -3.7775389639831924e-01
  -5.6801153662096626e-01   0.0000000000000000e+00   0.0000000000000000e+00   3.6582162964168308e-01   0.0000000000000000e+00   0.0000000000000000e+00  -3.4763369496799279e-01   6.5014478670115683e-01   0.0000000000000000e+00   0.0000000000000000e+00
   0.0000000000000000e+00   7.9866712273193752e-01   0.0000000000000000e+00   0.0000000000000000e+00   2.0713780521270536e-01   0.0000000000000000e+00   0.0000000000000000e+00   0.0000000000000000e+00  -5.6499978470681866e-01   0.0000000000000000e+00
   0.0000000000000000e+00   0.0000000000000000e+00   5.5967834752607404e-01   0.0000000000000000e+00   0.0000000000000000e+00  -2.7608063816348694e-01   0.0000000000000000e+00   0.0000000000000000e+00   0.0000000000000000e+00   1.2218047427032031e+00
   4.6396431975207708e-01   0.0000000000000000e+00   0.0000000000000000e+00  -3.5839046798878582e-01   0.0000000000000000e+00   0.0000000000000000e+00  -7.8863712207945547e-01   1.8532369554377598e-01   0.0000000000000000e+00   0.0000000000000000e+00
   0.0000000000000000e+00  -4.2012150812390303e-01   0.0000000000000000e+00   0.0000000000000000e+00   8.6413701491306483e-01   0.0000000000000000e+00   0.0000000000000000e+00   0.0000000000000000e+00  -2.7706522313136772e-01   0.0000000000000000e+00
   0.0000000000000000e+00   0.0000000000000000e+00   2.8341145741705587e-01   0.0000000000000000e+00   0.0000000000000000e+00   1.9413502084177632e+00   0.0000000000000000e+00   0.0000000000000000e+00   0.0000000000000000e+00  -9.5873713544794265e-02
   4.9456406928372909e-01   0.0000000000000000e+00   0.0000000000000000e+00  -5.2100638271580721e-02   0.0000000000000000e+00   0.0000000000000000e+00   4.8385738767866643e-01   7.2012077685204512e-01   0.0000000000000000e+00   0.0000000000000000e+00
  -4.6637579872459028e-01   0.0000000000000000e+00   0.0000000000000000e+00  -8.5733093448957987e-01   0.0000000000000000e+00   0.0000000000000000e+00   1.5193528948177662e-01   1.5618242840125346e-01   0.0000000000000000e+00   0.0000000000000000e+00
   0.0000000000000000e+00  -4.3084654516287457e-01   0.0000000000000000e+00   0.0000000000000000e+00  -4.5865144620812109e-01   0.0000000000000000e+00   0.0000000000000000e+00   0.0000000000000000e+00  -7.7718087046222029e-01   0.0000000000000000e+00
   0.0000000000000000e+00   0.0000000000000000e+00  -1.4537617665022697e+00   0.0000000000000000e+00   0.0000000000000000e+00   1.9305312238162034e-01   0.0000000000000000e+00   0.0000000000000000e+00   0.0000000000000000e+00  -7.1436245656917696e-02
  -1.8794373993588462e-01   0.0000000000000000e+00   0.0000000000000000e+00   3.0423634238639780e-01   8.7540666150250290e-01   3.2523925898836026e-01   0.0000000000000000e+00   0.0000000000000000e+00   0.0000000000000000e+00   0.0000000000000000e+00
   0.0000000000000000e+00   4.1752575213476351e-01   4.7808332091473482e-01   0.0000000000000000e+00   0.0000000000000000e+00   0.0000000000000000e+00   0.0000000000000000e+00   7.7272801461280194e-01   0.0000000000000000e+00   0.0000000000000000e+00
   0.0000000000000000e+00  -8.9971795852366454e-01   9.8469558655479600e-02   0.0000000000000000e+00   0.0000000000000000e+00   0.0000000000000000e+00   0.0000000000000000e+00   4.2521916834523338e-01   0.0000000000000000e+00   0.0000000000000000e+00
   4.7767596797446865e-01   0.0000000000000000e+00   0.0000000000000000e+00  -7.8954040125982128e-01   2.7773010522389252e-01   2.6705357711600897e-01   0.0000000000000000e+00   0.0000000000000000e+00   0.0000000000000000e+00   0.0000000000000000e+00
  -4.2883278283659615e-01   0.0000000000000000e+00   0.0000000000000000e+00  -3.9767751825348790e-01   3.2263881222014057e-01  -7.4421719456725144e-01   0.0000000000000000e+00   0.0000000000000000e+00   0.0000000000000000e+00   0.0000000000000000e+00
   7.4337424262829577e-01   0.0000000000000000e+00   0.0000000000000000e+00   3.5485038287364956e-01   2.2898332362540591e-01  -5.1869314500260810e-01   0.0000000000000000e+00   0.0000000000000000e+00   0.0000000000000000e+00   0.0000000000000000e+00
   0.0000000000000000e+00   0.0000000000000000e+00   0.0000000000000000e+00   0.0000000000000000e+00   0.0000000000000000e+00   0.0000000000000000e+00   4.5209184960508192e-01   0.0000000000000000e+00  -1.1484458433562812e+00  -5.1520013468023285e-01
   0.0000000000000000e+00   1.2720000555943783e-01  -8.7277722488692944e-01   0.0000000000000000e+00   0.0000000000000000e+00   0.0000000000000000e+00   0.0000000000000000e+00   4.7125372603761712e-01   0.0000000000000000e+00   0.0000000000000000e+00
   0.0000000000000000e+00   0.0000000000000000e+00   0.0000000000000000e+00   0.0000000000000000e+00   0.0000000000000000e+00   0.0000000000000000e+00  -2.6369072417454897e-02   0.0000000000000000e+00  -3.3916360636016668e-01   1.5146335593901123e+00
   0.0000000000000000e+00   0.0000000000000000e+00   0.0000000000000000e+00   0.0000000000000000e+00   0.0000000000000000e+00   0.0000000000000000e+00   1.1133883173774848e+00   0.0000000000000000e+00   1.3518756185566079e+00   3.9092445787056695e-01
   4.5157431179192703e-01   8.9079276067922575e-01  -4.9763138633031889e-02   0.0000000000000000e+00   0.0000000000000000e+00  -9.6191727565685687e-03   0.0000000000000000e+00   0.0000000000000000e+00   0.0000000000000000e+00   0.0000000000000000e+00
  -1.2164212076591689e-01   7.7240537703491957e-02   8.8299034089866807e-02   0.0000000000000000e+00   0.0000000000000000e+00   9.8561674821892220e-01   0.0000000000000000e+00   0.0000000000000000e+00   0.0000000000000000e+00   0.0000000000000000e+00
   1.7458013126198299e-01  -1.4124094760494416e-01  -9.6713507079294403e-01   0.0000000000000000e+00   0.0000000000000000e+00   1.1925823799860907e-01   0.0000000000000000e+00   0.0000000000000000e+00   0.0000000000000000e+00   0.0000000000000000e+00
   0.0000000000000000e+00   0.0000000000000000e+00   0.0000000000000000e+00  -6.6330912277172205e-01  -4.4745729809031409e-01   0.0000000000000000e+00   5.9983578922362146e-01   0.0000000000000000e+00   0.0000000000000000e+00   0.0000000000000000e+00
   0.0000000000000000e+00   0.0000000000000000e+00   0.0000000000000000e+00   7.3586274466734458e-01  -2.4420484357314939e-01   0.0000000000000000e+00   6.3156156895908089e-01   0.0000000000000000e+00   0.0000000000000000e+00   0.0000000000000000e+00
   8.6649039992014099e-01  -4.2493899747659836e-01   2.3318804740919508e-01   0.0000000000000000e+00   0.0000000000000000e+00   1.1935061715510395e-01   0.0000000000000000e+00   0.0000000000000000e+00   0.0000000000000000e+00   0.0000000000000000e+00
   0.0000000000000000e+00   0.0000000000000000e+00   0.0000000000000000e+00   1.3611402814717882e-01  -8.6031736049037710e-01   0.0000000000000000e+00  -4.9125045606128392e-01   0.0000000000000000e+00   0.0000000000000000e+00   0.0000000000000000e+00
   0.0000000000000000e+00   0.0000000000000000e+00   0.0000000000000000e+00   0.0000000000000000e+00   0.0000000000000000e+00   0.0000000000000000e+00   0.0000000000000000e+00  -6.1318937377547422e-01   1.2209311952853685e+00   4.2242408177973162e-01
   0.0000000000000000e+00   0.0000000000000000e+00   0.0000000000000000e+00   0.0000000000000000e+00   0.0000000000000000e+00   0.0000000000000000e+00   0.0000000000000000e+00   1.4937539265627270e-02   6.7648465088453036e-01  -9.0218035777123573e-01
   0.0000000000000000e+00   0.0000000000000000e+00   0.0000000000000000e+00   0.0000000000000000e+00   0.0000000000000000e+00   0.0000000000000000e+00   0.0000000000000000e+00  -1.8985756903564082e+00  -4.8192550448002625e-01  -1.0421101849078254e-01
